41.765652
41.763298
43.199036
41.775436
41.763340
41.849041
41.763000
41.763050
41.804916
41.833752
41.780647
41.776039
41.763290
41.785278
41.784565
41.784664
41.784569
41.790962
41.784565
41.784565
41.864559
41.787064
44.183109
41.786644
41.798496
41.800625
41.749195
41.760834
41.750576
41.751320
41.753124
41.750252
41.781952
41.761520
41.772263
41.753860
41.754948
41.974915
41.788364
41.832066
41.850258
41.785786
41.920692
41.788574
41.783607
41.804371
41.788918
41.835201
41.849583
41.792301
41.768719
41.784184
41.775417
41.765385
41.764832
41.810417
41.754089
41.890869
41.775383
41.753357
41.771324
41.779160
41.890575
41.780090
41.782181
41.783737
41.758427
41.782772
41.765186
41.786240
41.774357
41.811722
41.760662
41.900555
41.783237
41.873417
41.770172
41.814716
41.887703
41.846004
41.832840
41.834526
41.884655
41.788372
41.822083
41.789066
41.913277
41.786530
41.809166
41.747250
41.762547
41.747478
41.843437
41.748440
41.853519
41.914764
41.778355
41.750462
41.747417
41.750717
