32.490326
32.489983
35.085049
32.514957
32.490765
32.596588
32.490181
32.489594
32.544498
32.549007
32.497349
32.512447
32.475952
32.470997
32.470123
32.470261
32.470123
32.489708
32.470146
32.470207
32.574905
32.493168
34.229839
32.488308
32.546486
32.499249
32.484306
32.518280
32.486404
32.489643
32.495670
32.492889
32.596420
32.497452
32.529217
32.490742
32.506275
32.988384
32.518204
32.546993
32.666912
32.496120
32.715996
32.501209
32.492893
32.515717
32.504894
32.599598
32.635883
32.501617
32.545166
32.562351
32.522430
32.517067
32.522285
32.560623
32.505161
32.691589
32.528046
32.499264
32.556850
32.559383
32.832470
32.537403
32.516125
32.560902
32.494102
32.531086
32.506508
32.532516
32.509209
32.544296
32.504620
32.772587
32.534069
32.625587
32.507828
32.582146
32.757374
32.613216
32.671196
32.724247
32.642250
32.549786
32.539490
32.542515
32.771347
32.525738
32.645748
32.484673
32.552429
32.501942
32.615826
32.502777
32.628384
32.732841
32.602810
32.507599
32.501553
32.506290
