46.882801
46.882713
52.707832
46.906769
46.882763
46.913010
46.881382
46.881409
46.976601
46.897141
46.884415
46.887886
46.882015
46.881348
46.881310
46.881310
46.881310
46.893414
46.881310
46.881321
46.906906
46.899162
47.367813
46.897129
46.896969
46.900646
46.896645
46.922142
46.896942
46.896667
46.899662
46.896904
46.898113
46.898914
46.947136
46.891323
46.891396
47.354893
46.899189
46.899513
46.894485
46.890888
46.915688
46.892380
46.890526
46.893803
46.893177
46.929886
47.013016
46.878029
46.882080
46.927700
46.880737
46.880104
46.883781
46.891735
46.875610
47.025829
46.879757
46.875324
46.876442
46.928143
46.879742
46.905430
46.879807
46.881073
46.875896
46.881668
46.878674
46.879421
46.878029
46.887314
46.878613
47.076462
46.900085
46.929798
46.902657
46.908218
46.910793
47.017780
46.903656
47.029800
46.916466
46.955193
46.913097
46.969826
47.202007
46.903244
46.920410
46.897430
46.878887
46.876045
46.896530
46.876293
46.895061
47.066078
46.891323
46.876961
46.876106
46.876690
