20.920309
20.986309
19.251894
20.915253
21.426348
20.633354
21.097109
21.516077
20.864388
20.373163
20.942703
20.867188
21.298330
20.748180
21.432072
20.795935
20.757523
21.154753
20.829758
21.219318
21.097099
20.829191
19.438738
20.374584
20.201809
20.591440
21.306953
20.674911
21.381432
21.360703
20.643139
20.408524
20.570675
21.007406
21.221445
21.054102
21.137768
20.437288
20.876514
20.949556
20.255331
21.040316
19.884640
21.111414
21.579422
20.977440
21.195854
20.572187
21.141869
21.276814
20.919689
21.052055
21.110859
21.272114
21.363802
21.036278
21.424225
20.985405
20.796898
21.141632
20.818121
20.459831
20.212469
20.672600
20.687292
20.559065
21.449394
20.452379
20.932074
21.263924
20.904812
20.846756
21.287800
20.546665
21.138376
20.871107
21.154444
20.538717
20.360514
20.865553
20.785496
20.609484
20.834549
20.935678
21.395319
20.786871
20.109564
21.218390
20.434673
21.715298
21.063082
20.856880
20.857838
20.301025
20.777376
20.845514
20.426891
20.946451
21.548491
20.371317
