19.835712
24.285410
16.207142
18.924459
24.220119
24.723627
20.129702
22.181864
18.292274
19.801519
24.220943
19.465336
22.246874
18.462740
23.936258
26.896450
27.107769
21.592796
24.906652
22.213638
23.379782
19.666494
27.695274
19.365433
20.339008
19.016340
24.462025
18.113194
19.861401
22.673840
20.810162
17.632542
25.818157
22.634899
18.962624
23.759611
22.000360
18.168293
22.383184
24.990509
25.937517
23.211267
26.267588
22.391348
21.179230
19.946621
19.043411
23.497372
20.579954
19.900616
21.087410
21.185854
20.241312
22.810268
21.879198
22.964094
21.161873
21.235237
20.894114
20.044695
25.136101
19.404758
27.215803
18.648100
23.423994
22.266733
24.547958
26.086624
19.596109
23.292528
18.741499
22.644932
19.517502
21.576496
20.626232
24.554298
21.377226
24.925362
25.697840
23.761646
22.296877
19.216021
22.886553
21.616766
22.125675
24.565220
22.761717
21.687981
23.862558
21.662985
20.709810
21.287790
25.628012
24.651964
22.076311
21.622341
19.898922
23.907024
21.080118
17.977394
