42.912582
42.912155
52.496342
42.928814
42.898029
42.922134
42.898338
42.898045
43.015141
42.898754
42.898136
42.908833
42.899021
42.898029
42.898045
42.921249
42.921265
42.938366
42.921227
42.921249
42.921715
42.925587
42.944057
42.921253
42.921280
42.921379
42.896912
42.927731
42.897022
42.896896
42.901398
42.897163
42.896935
42.896988
42.968029
42.896980
42.897324
43.594700
42.909939
42.897362
42.897079
42.895493
42.902237
42.897121
42.895481
42.895596
42.898842
42.945023
43.069347
42.895752
42.900990
42.962601
42.896946
42.899220
42.906761
42.923878
42.919376
43.093193
42.919651
42.918636
42.919918
42.990086
42.918983
42.957710
42.918716
42.923031
42.920277
42.924911
42.924053
42.922504
42.898563
42.898972
42.904621
43.142056
42.929935
42.913231
42.901520
42.899624
42.899017
43.032394
42.901829
43.106979
42.901340
42.971783
42.893681
42.984039
43.265175
42.895580
42.909710
42.892437
42.892902
42.892494
42.896778
42.892456
42.893295
43.106598
42.915817
42.895626
42.895004
42.895027
