27.742075
27.730663
37.948601
27.798489
27.731285
27.771809
27.726507
27.720556
27.876680
27.787825
27.720940
27.838264
27.745134
27.720579
27.730694
27.730698
27.730663
27.792862
27.730944
27.730663
27.735689
27.749659
27.736465
27.734512
27.729555
27.729778
27.729555
27.850559
27.727530
27.724190
27.752092
27.792334
27.723122
27.723122
27.818033
27.727972
27.734730
28.981821
27.786886
27.727234
27.727234
27.727234
27.759527
27.755898
27.724699
27.730398
27.753582
27.869307
28.028017
27.730461
27.862411
27.863453
27.731308
27.745609
27.754843
27.736549
27.754427
28.001585
27.735245
27.730171
27.732275
27.890947
27.728987
27.851267
27.728251
27.762388
27.729635
27.740959
27.779282
27.734886
27.728006
27.728947
27.774069
27.999149
27.800198
27.760670
27.742313
27.728498
27.727505
27.869675
27.781855
28.331146
27.735535
27.893459
27.727779
27.846386
28.180416
27.765270
27.768278
27.732214
27.965656
27.729996
27.737926
27.730392
27.729919
28.006670
27.981550
27.723387
27.721666
27.780119
