33.369400
33.368114
43.390709
33.413944
33.368160
33.400295
33.369160
33.368107
33.504898
33.374912
33.368126
33.406349
33.363731
33.354019
33.354019
33.354019
33.354019
33.388489
33.354031
33.354019
33.354362
33.359913
33.360607
33.357876
33.356918
33.356976
33.356918
33.417297
33.357738
33.357327
33.368961
33.367531
33.361488
33.361488
33.451778
33.362682
33.364182
34.391930
33.396137
33.361488
33.361488
33.361488
33.385658
33.377598
33.368771
33.368809
33.383911
33.470806
33.607868
33.369316
33.409145
33.472675
33.371372
33.363777
33.375122
33.365528
33.367432
33.591221
33.359970
33.358730
33.360470
33.467594
33.357449
33.413166
33.348495
33.364651
33.349926
33.359360
33.360813
33.354324
33.348465
33.348503
33.367310
33.627712
33.418129
33.391617
33.375057
33.367805
33.366985
33.506283
33.392513
33.797138
33.360741
33.478870
33.357449
33.465897
33.769585
33.377003
33.383877
33.356953
33.428799
33.356636
33.362514
33.355888
33.355888
33.613178
33.475445
33.357250
33.355888
33.359108
