26.854403
31.291777
23.204380
25.909901
31.192776
31.811876
27.096947
29.299738
25.384365
26.977665
31.361076
26.560360
29.324146
25.571712
31.094387
34.047798
34.266544
28.695345
31.958488
29.277502
30.362419
26.555843
34.508919
26.243582
27.249832
25.981262
31.425900
25.076946
26.897993
29.658348
27.751280
24.641794
32.867439
29.561207
25.974119
30.771992
28.985327
25.184870
29.407442
31.961403
32.909786
30.219213
33.295513
29.321171
28.100483
26.889603
25.980824
30.327393
27.576431
26.935171
28.004416
28.225430
27.264572
29.933599
28.852009
30.009451
28.122618
28.371231
27.947155
27.000246
32.234001
26.466301
34.208866
25.662006
30.468124
29.305929
31.545717
32.881702
26.621172
30.236061
25.753191
29.524712
26.453741
28.760618
27.607288
31.427212
28.313631
31.774149
32.703827
30.703627
29.238873
26.113935
29.800528
28.630684
29.115305
31.284830
29.620605
28.685301
30.917812
28.629328
27.595814
28.240696
32.490074
31.831032
29.092796
28.688681
26.864435
31.015802
28.080452
25.046122
