14.402042
18.882233
10.781154
13.536779
18.786154
19.309530
14.710374
16.747808
12.872605
14.398200
18.805145
14.007757
16.795439
13.027860
18.504223
21.489319
21.711502
16.163233
19.479046
16.805077
17.982159
14.247698
22.250452
13.941066
14.949648
13.636961
19.083639
12.713032
14.465523
17.252663
15.431383
12.228084
20.398340
17.231453
13.575896
18.366648
16.595306
12.773552
16.944302
19.478136
20.489452
17.750040
20.826080
16.893036
15.707414
14.491179
13.565496
18.017015
15.118951
14.429165
15.581801
15.742562
14.776505
17.361147
16.408394
17.514065
15.726082
15.788387
15.447376
14.581482
19.668341
13.962319
21.835405
13.221487
18.024851
16.843842
19.113146
20.628143
14.181156
17.853159
13.313749
17.197197
14.055376
16.175730
15.199137
19.116735
15.942888
19.455969
20.278099
18.313868
16.817123
13.733981
17.414698
16.165197
16.683680
19.105312
17.294127
16.262465
18.463202
16.212135
15.272612
15.865570
20.227730
19.255764
16.694180
16.224117
14.522017
18.504848
15.672895
12.589549
