38.124352
38.124382
40.702461
38.145073
38.124508
38.202057
38.124531
38.124367
38.188015
38.183304
38.147545
38.150883
38.133011
38.132408
38.131950
38.132000
38.131950
38.144020
38.131950
38.131950
38.200188
38.134968
39.778484
38.133999
38.155460
38.153061
38.140480
38.161434
38.141762
38.142654
38.145885
38.142185
38.169712
38.150139
38.181637
38.143898
38.145641
38.565048
38.150452
38.178776
38.192490
38.129959
38.239662
38.132824
38.128181
38.144703
38.135223
38.192051
38.235157
38.134571
38.142433
38.174938
38.143837
38.137627
38.139080
38.171146
38.127678
38.286991
38.144604
38.126026
38.144562
38.167850
38.247414
38.157982
38.150013
38.152401
38.132671
38.152805
38.139721
38.156361
38.143658
38.173290
38.136990
38.321255
38.162342
38.221539
38.136803
38.172985
38.243671
38.231827
38.200230
38.277061
38.234509
38.174538
38.171738
38.176716
38.345451
38.150524
38.177937
38.125591
38.146385
38.133667
38.212681
38.134201
38.219669
38.331352
38.178894
38.136368
38.133587
38.136116
