22.065876
21.926739
24.580271
22.165726
21.923779
22.263769
21.976591
21.932247
22.075777
22.452387
22.027542
22.128538
21.956379
21.944218
21.903543
21.905283
22.147972
21.994465
21.912485
21.932034
22.124012
22.071863
23.833666
21.997906
22.280582
22.025066
21.903040
22.135586
21.946810
21.956503
22.153767
22.204336
22.371761
22.072903
21.979959
21.978699
22.033241
22.725582
22.183876
22.089018
22.558060
21.937500
23.130146
22.046230
21.928831
22.003555
21.962511
22.320658
22.178713
21.975086
22.197483
22.135176
21.983538
22.015282
22.037493
22.186733
21.965376
22.232876
22.089584
21.934231
22.177406
22.167562
22.924059
22.154888
22.222433
22.396055
21.915552
22.511366
22.144136
22.061026
21.980381
22.252481
21.999519
22.494381
22.042830
22.301344
21.958893
22.285782
22.630943
22.194626
22.406418
22.366652
22.234301
22.097963
22.005573
21.982983
22.626078
22.061899
22.724609
21.920218
22.203571
21.988232
22.243296
22.107481
22.250748
22.272209
22.300161
21.977518
21.907436
22.245354
