14.848361
14.996990
13.161708
14.875341
15.404603
14.674741
15.077964
15.503653
14.710015
14.345051
14.948198
14.768085
15.271570
14.759901
15.501430
14.918818
14.825765
15.216611
14.844948
15.208234
15.216891
14.835341
13.473722
14.433975
14.299157
14.559535
15.359515
14.574531
15.222631
15.352962
14.587272
14.330168
14.626527
15.011355
15.144732
15.105301
15.081220
14.337108
14.833904
14.984437
14.071924
14.937090
13.744478
14.987727
15.404731
14.913371
15.052091
14.560159
15.041393
15.128781
14.815782
14.919702
14.988199
15.155251
15.195470
14.901073
15.385613
14.927706
14.713010
15.065071
14.718569
14.465934
14.007962
14.665912
14.597280
14.442126
15.358571
14.303876
14.933646
15.134639
14.789136
14.715046
15.250845
14.458120
15.036768
14.806891
15.088746
14.480169
14.310790
14.836098
14.653887
14.496592
14.775186
14.801159
15.324514
14.836037
14.132125
15.129400
14.433550
15.813931
15.056460
14.958547
14.857673
14.310011
14.779780
14.895791
14.428415
14.982290
15.614300
14.449015
