18.100079
22.568943
14.484815
17.221075
22.444931
22.993900
18.398518
20.430786
16.554085
18.088930
22.496738
17.696968
20.490736
16.725544
22.225033
25.164497
25.351711
19.828671
23.145782
20.479280
21.617632
17.874344
25.872484
17.588520
18.618355
17.300932
22.738724
16.377268
18.146311
20.926537
19.103235
15.895446
24.083445
20.888697
17.247213
22.047661
20.233103
16.444515
20.641226
23.200676
24.167986
21.426676
24.549543
20.606911
19.388351
18.184107
17.267498
21.740484
18.846476
18.139627
19.251608
19.405014
18.458694
21.086405
20.141562
21.132812
19.418983
19.413956
19.115122
18.233395
23.303452
17.600065
25.466532
16.874830
21.681084
20.509192
22.764307
24.267591
17.833620
21.497169
16.999907
20.889095
17.733311
19.875885
18.898191
22.824810
19.616234
23.168545
23.952593
21.999779
20.534504
17.438650
21.138823
19.819946
20.363699
22.728933
20.988247
19.934923
22.158401
19.863646
18.944864
19.518694
23.866613
22.936953
20.343397
19.913342
18.187319
22.147617
19.322361
16.233364
