28.159891
28.132948
30.467670
28.204737
28.135607
28.346367
28.132662
28.123251
28.205269
28.413654
28.179010
28.221111
28.135929
28.120022
28.115879
28.116512
28.224449
28.182032
28.139099
28.142483
28.314281
28.199270
30.138432
28.163319
28.350435
28.193781
28.111801
28.209795
28.122459
28.131876
28.187429
28.201218
28.429399
28.177061
28.159298
28.135098
28.167154
28.706360
28.245028
28.208639
28.526054
28.108978
28.772900
28.142920
28.104177
28.151749
28.125101
28.343292
28.293148
28.124596
28.273008
28.228348
28.150526
28.155529
28.168209
28.258627
28.125856
28.342297
28.184448
28.110685
28.292599
28.251896
28.885477
28.250948
28.247799
28.414433
28.146826
28.422850
28.228834
28.224850
28.182875
28.307842
28.165752
28.555935
28.199326
28.386484
28.157824
28.373909
28.683552
28.329189
28.504734
28.440090
28.377310
28.205149
28.182310
28.163752
28.577211
28.193535
28.641485
28.106251
28.277876
28.129025
28.328640
28.132162
28.336266
28.424379
28.365660
28.158098
28.126690
28.222391
