22.360510
22.206720
24.632437
22.406176
22.142000
22.558973
22.217026
22.146700
22.357531
22.771896
22.304365
22.423922
22.214542
22.264420
22.123095
22.196096
22.429735
22.236938
22.251858
22.190313
22.372028
22.360212
24.159769
22.403305
22.649818
22.370926
22.127428
22.412682
22.181845
22.189602
22.482294
22.504183
22.658409
22.347864
22.216969
22.270536
22.307592
22.964314
22.473816
22.381647
22.969097
22.254021
23.552412
22.348188
22.183065
22.275335
22.223528
22.631277
22.387512
22.204445
22.455032
22.394485
22.229540
22.232010
22.255241
22.432936
22.164316
22.433889
22.370049
22.161911
22.480511
22.482273
23.263245
22.426283
22.547684
22.712397
22.144321
22.853405
22.398447
22.337629
22.279612
22.550203
22.227066
22.758350
22.290699
22.576023
22.197229
22.606274
22.934816
22.461878
22.665915
22.615364
22.494755
22.354368
22.229521
22.210575
22.954554
22.306473
23.003410
22.126717
22.437916
22.272995
22.524513
22.565660
22.524445
22.538376
22.620892
22.279627
22.136753
22.563904
