15.891398
20.358480
12.282347
15.014277
20.283417
20.799503
16.203678
18.241884
14.367471
15.901918
20.322023
15.510475
18.298244
14.527593
20.027916
22.914762
23.137150
17.584127
20.943541
18.240444
19.412901
15.675328
23.627924
15.361299
16.373363
15.069588
20.513618
14.160096
15.915257
18.719212
16.896152
13.695904
21.840233
18.685516
15.038677
19.808533
18.059093
14.230882
18.429764
20.954369
21.888371
19.209425
22.304319
18.388603
17.180414
15.945677
15.022787
19.450533
16.597263
15.876381
17.035583
17.188328
16.228600
18.817099
17.834726
18.953499
17.179159
17.201496
16.882782
16.037628
21.085314
15.398774
23.245102
14.646043
19.440531
18.271452
20.548456
22.089073
15.604238
19.299034
14.763171
18.666330
15.509576
17.625881
16.643072
20.558361
17.374964
20.887964
21.696096
19.755030
18.312243
15.184825
18.883776
17.602554
18.147112
20.552301
18.826742
17.711040
19.943296
17.667553
16.755167
17.310116
21.673735
20.643999
18.151920
17.671795
15.985031
19.906958
17.116297
14.028044
