20.289244
20.003183
30.703711
20.532429
20.008486
20.075857
20.140171
20.009651
20.316698
20.451233
20.020226
20.374512
20.072308
20.061384
20.003666
20.008976
20.008255
20.174006
20.012461
20.009945
20.056051
20.211491
20.025229
20.077574
20.030804
20.037720
20.006540
20.446707
20.060177
20.016394
20.290922
20.592031
19.997654
19.998749
20.136560
20.014420
20.047380
21.816925
20.146673
20.005377
20.005482
20.005199
20.118713
20.139107
20.003891
20.046898
20.094830
20.247522
20.423368
20.089792
20.305410
20.244781
20.042833
20.083414
20.068691
20.038877
20.090706
20.372175
20.072292
20.021868
20.011974
20.450357
20.007996
20.458363
20.024456
20.128275
20.007803
20.026201
20.434975
20.015102
20.028900
20.034397
20.189493
20.321495
20.147430
20.064959
20.038538
20.007133
20.004848
20.160172
20.117998
20.952654
20.044840
20.305874
20.016075
20.157162
20.587969
20.102039
20.062469
20.015320
20.533932
20.007492
20.010553
20.047358
20.001249
20.339258
20.554148
20.012936
20.002140
20.658720
