35.421867
35.422302
38.023502
35.443687
35.422188
35.508678
35.421818
35.421783
35.491325
35.474415
35.440094
35.446445
35.422749
35.420460
35.419914
35.420006
35.419914
35.434177
35.419930
35.419914
35.505032
35.424507
37.110584
35.433300
35.460667
35.443962
35.430458
35.454689
35.432175
35.433632
35.437210
35.433243
35.488087
35.442162
35.475063
35.435875
35.438244
35.891315
35.435032
35.464626
35.525921
35.423019
35.569767
35.425663
35.420532
35.439392
35.429062
35.496967
35.544945
35.428307
35.438354
35.475674
35.451183
35.445885
35.445545
35.482765
35.433937
35.606976
35.452755
35.431362
35.465508
35.482647
35.633980
35.466011
35.451298
35.466290
35.410488
35.434540
35.418316
35.441032
35.423252
35.452991
35.417236
35.635345
35.444935
35.518547
35.422035
35.478539
35.586388
35.523975
35.549091
35.614567
35.557663
35.480801
35.476791
35.477409
35.668541
35.456963
35.499832
35.425621
35.458332
35.425964
35.518036
35.426567
35.527100
35.639626
35.487354
35.420963
35.417362
35.420593
