17.776461
17.124617
28.123003
17.991499
17.135714
17.224558
17.423010
17.131750
17.765013
17.863884
17.162502
17.729452
17.227558
17.483017
17.128345
17.126862
17.124311
17.350328
17.135788
17.142437
17.209837
17.526730
17.160130
17.632797
17.338490
17.395227
17.131285
17.848631
17.268202
17.160164
17.740047
18.095163
17.129969
17.136627
17.335732
17.153893
17.208361
19.257254
17.329279
17.130165
17.137220
17.147106
17.293295
17.320145
17.127625
17.204075
17.301764
17.420767
17.610292
17.325493
17.508654
17.440418
17.254637
17.235498
17.222906
17.192728
17.253994
17.549698
17.300001
17.184488
17.142429
17.905470
17.149147
17.869610
17.186335
17.328077
17.131479
17.156435
17.772671
17.138159
17.306730
17.187046
17.437517
17.474783
17.309149
17.205894
17.179371
17.132654
17.128784
17.295269
17.278679
18.314394
17.198067
17.517853
17.143496
17.293913
17.755255
17.262737
17.212530
17.166586
17.784101
17.211372
17.150904
17.232199
17.134792
17.501516
17.865416
17.168062
17.127108
18.324518
