46.889317
46.895470
47.645306
46.903080
46.895733
46.963375
46.895435
46.895470
46.916965
46.969357
46.911304
46.901508
46.895420
46.901707
46.901321
46.901333
46.901321
46.903633
46.901321
46.901321
46.955570
46.903046
49.790195
46.903080
46.904419
46.874046
46.857086
46.863022
46.858234
46.857838
46.859940
46.858444
46.867329
46.868916
46.867352
46.861042
46.888184
46.960464
46.885708
46.930065
46.915012
46.886108
47.002960
46.887688
46.884304
46.901981
46.889294
46.924248
46.917076
46.893105
46.895260
46.899899
46.904804
46.892292
46.888634
46.937847
46.881618
46.993042
46.903408
46.894611
46.901035
46.906254
46.940506
46.910870
46.919811
46.913696
46.894958
46.913433
46.898640
46.912369
46.911907
46.952866
46.895908
46.971359
46.931774
47.022247
46.926785
46.965771
46.990326
46.983021
46.941753
46.939774
47.009674
46.925228
46.934464
46.878227
46.953751
46.886841
46.923973
46.863724
46.878056
46.863972
46.951363
46.865025
46.961300
47.039967
46.913948
46.895348
46.893192
46.896667
