29.113546
29.109905
31.709990
29.142973
29.111721
29.260464
29.111345
29.116390
29.197655
29.294834
29.154396
29.183121
29.126663
29.116035
29.115013
29.115225
29.115417
29.146244
29.115213
29.099442
29.231461
29.122658
30.884962
29.108047
29.223145
29.127131
29.098574
29.160944
29.102432
29.108431
29.123951
29.130266
29.306231
29.118616
29.154688
29.116854
29.132618
29.684067
29.173420
29.179600
29.384764
29.110716
29.487476
29.126297
29.107845
29.140688
29.124813
29.272873
29.278913
29.119890
29.210239
29.188839
29.135639
29.135309
29.143528
29.196381
29.121111
29.323490
29.150496
29.108702
29.201542
29.187820
29.616806
29.169781
29.133720
29.255903
29.105295
29.205612
29.137928
29.155556
29.124704
29.180338
29.126110
29.451904
29.155952
29.280155
29.130131
29.265482
29.510305
29.258696
29.390745
29.401028
29.303625
29.198313
29.172897
29.171774
29.483438
29.175079
29.458906
29.113688
29.247980
29.124191
29.270779
29.120142
29.286421
29.379887
29.300814
29.130035
29.118275
29.148998
