20.565018
20.388363
22.768490
20.581266
20.256426
20.760937
20.357769
20.260977
20.567762
20.979485
20.453592
20.576038
20.308556
20.430515
20.171312
20.339336
20.566628
20.315094
20.420332
20.288622
20.446005
20.500843
22.243914
20.661800
20.894283
20.587561
20.216448
20.600611
20.291935
20.291557
20.714334
20.750460
20.825985
20.491072
20.325764
20.393986
20.399406
21.084291
20.595276
20.496906
21.209488
20.407440
21.831198
20.474615
20.251352
20.372618
20.317909
20.796946
20.500917
20.352633
20.639116
20.563444
20.396006
20.376575
20.396088
20.602264
20.284151
20.575737
20.580605
20.299944
20.626543
20.685698
21.427086
20.587227
20.732944
20.881683
20.198387
21.064869
20.517847
20.429882
20.434713
20.680716
20.331377
20.913239
20.414661
20.711073
20.328259
20.804678
21.091877
20.585585
20.794777
20.781073
20.644958
20.515480
20.339890
20.364534
21.183035
20.438221
21.173006
20.203804
20.564932
20.446232
20.702621
20.924568
20.687210
20.668438
20.818762
20.437868
20.204306
20.779055
