24.387480
24.334332
34.734150
24.478653
24.335463
24.384426
24.361406
24.333481
24.514231
24.507792
24.335205
24.529905
24.376478
24.336975
24.336508
24.336367
24.336308
24.427616
24.333559
24.332218
24.350302
24.394485
24.342375
24.341562
24.334600
24.335340
24.334545
24.549952
24.348246
24.337177
24.403580
24.539515
24.334970
24.334978
24.438896
24.343409
24.349907
25.807697
24.421419
24.335114
24.335114
24.335663
24.391901
24.400501
24.335663
24.355076
24.376266
24.511642
24.677929
24.344856
24.533934
24.508984
24.344666
24.373104
24.375826
24.352793
24.384689
24.646759
24.357233
24.343681
24.344496
24.570892
24.338009
24.557964
24.338570
24.396515
24.337626
24.351316
24.496468
24.349537
24.341698
24.345591
24.427893
24.622892
24.426264
24.373919
24.352938
24.332346
24.331001
24.477592
24.413286
25.075413
24.352320
24.549417
24.339396
24.466278
24.837061
24.389956
24.382811
24.341339
24.704634
24.334820
24.343559
24.339825
24.333202
24.638224
24.732893
24.337839
24.335249
24.536718
