30.090584
30.086189
40.226978
30.132830
30.079077
30.115322
30.081385
30.078796
30.223989
30.106979
30.078880
30.161770
30.103897
30.087656
30.087656
30.087656
30.087656
30.132620
30.087881
30.087656
30.095407
30.103626
30.098156
30.096497
30.093386
30.093542
30.093386
30.179531
30.091496
30.089960
30.107721
30.119921
30.089384
30.089384
30.183865
30.092442
30.093704
31.235075
30.136154
30.089405
30.089405
30.089405
30.114227
30.106424
30.081657
30.083044
30.103504
30.206469
30.355934
30.083302
30.167467
30.200058
30.085360
30.098883
30.110065
30.096228
30.106888
30.340038
30.092688
30.089577
30.091795
30.222214
30.086018
30.173077
30.085323
30.111794
30.086594
30.097120
30.110460
30.094841
30.088081
30.088236
30.118641
30.351681
30.150232
30.117004
30.099663
30.088957
30.089396
30.229654
30.129774
30.618189
30.096287
30.234257
30.090620
30.204811
30.521599
30.123562
30.127327
30.094673
30.245728
30.093586
30.100311
30.093510
30.093502
30.363756
30.279718
30.091454
30.089920
30.109018
