34.098282
34.098236
36.177246
34.120548
34.099228
34.223751
34.098431
34.098110
34.175457
34.219067
34.143326
34.148766
34.114201
34.109585
34.108894
34.109035
34.110565
34.126793
34.108994
34.109100
34.229618
34.095814
36.171211
34.091015
34.167393
34.106998
34.085297
34.116695
34.088242
34.092030
34.099411
34.096451
34.226574
34.101177
34.124737
34.107399
34.115948
34.519009
34.131096
34.162601
34.311024
34.103291
34.392803
34.109146
34.099899
34.129539
34.111126
34.211357
34.222748
34.109970
34.144344
34.153023
34.119911
34.116047
34.120502
34.170872
34.100170
34.279179
34.130714
34.095230
34.162960
34.145863
34.494759
34.135441
34.126625
34.189110
34.100403
34.160645
34.114819
34.144501
34.117260
34.165642
34.110661
34.382122
34.141682
34.251648
34.115498
34.216736
34.426189
34.231239
34.323242
34.303593
34.288803
34.162056
34.170887
34.154785
34.389042
34.152084
34.318245
34.106560
34.171181
34.109055
34.243343
34.108910
34.255489
34.337742
34.211857
34.115200
34.107002
34.115543
