17.874365
17.717466
19.875280
17.842340
17.459217
18.061811
17.625734
17.430634
17.933390
18.340303
17.748053
17.918894
17.561981
17.839924
17.364281
17.739891
17.862204
17.550705
17.783701
17.516838
17.602215
17.792978
19.383028
18.125378
18.307360
17.985512
17.395298
17.959633
17.492504
17.473434
18.090487
18.226196
18.085957
17.738047
17.549885
17.647469
17.643940
18.331867
17.847399
17.754465
18.668724
17.766340
19.247059
17.762255
17.446789
17.697762
17.600996
18.137074
17.717226
17.593927
17.911798
17.819744
17.664011
17.611874
17.617113
17.856108
17.472523
17.795061
17.926971
17.613636
17.950480
18.122656
18.745338
17.957727
18.089062
18.199697
17.407902
18.426054
17.784897
17.647921
17.806450
17.972652
17.546898
18.181993
17.657518
17.940226
17.589951
18.139763
18.403751
17.846146
18.017212
18.101452
17.873039
17.804466
17.493227
17.710289
18.565193
17.624685
18.362686
17.277563
17.730980
17.738140
17.909590
18.388712
17.902514
17.836155
18.173281
17.714779
17.300009
18.157822
