31.206469
31.199476
33.422760
31.234631
31.220966
31.380936
31.221863
31.220516
31.288797
31.407038
31.261536
31.281832
31.228544
31.219442
31.218224
31.218487
31.238625
31.235031
31.207846
31.209145
31.348656
31.234869
33.253990
31.219845
31.349869
31.241135
31.207579
31.260752
31.196169
31.202053
31.221710
31.225719
31.406912
31.220768
31.233526
31.202642
31.220392
31.688072
31.260176
31.273275
31.494553
31.194323
31.623470
31.211054
31.191004
31.227270
31.206123
31.357250
31.344681
31.203741
31.284626
31.263453
31.220049
31.217216
31.226936
31.287249
31.198814
31.401451
31.238787
31.189363
31.290438
31.262489
31.739889
31.253649
31.235798
31.357103
31.191658
31.322514
31.225149
31.247429
31.214828
31.273649
31.196606
31.522766
31.227446
31.376156
31.197588
31.344124
31.605410
31.333124
31.493120
31.453245
31.407398
31.276917
31.269136
31.254620
31.554327
31.262850
31.558979
31.203426
31.308479
31.211494
31.367867
31.234505
31.417961
31.485064
31.385832
31.245243
31.230665
31.264355
