24.832808
24.787016
27.427431
24.904097
24.792238
25.021757
24.792015
24.776812
24.871763
25.146969
24.841295
24.909748
24.793226
24.769627
24.768267
24.768772
24.898005
24.835390
24.775743
24.781918
24.959368
24.860010
26.643387
24.806068
25.026442
24.841059
24.774641
24.910927
24.789419
24.798494
24.881702
24.929329
25.132782
24.866415
24.836355
24.806963
24.848005
25.487799
24.952696
24.903376
25.257755
24.792229
25.583906
24.844290
24.793049
24.849234
24.821035
25.085043
25.018261
24.818436
24.994318
24.934479
24.832138
24.844917
24.862194
24.958424
24.811632
25.049620
24.875685
24.787916
24.947956
24.923910
25.582914
24.931925
24.920404
25.115131
24.785315
25.127491
24.895515
24.853764
24.806061
24.967581
24.819706
25.242897
24.846075
25.044409
24.795273
25.022963
25.344704
24.975380
25.172071
25.163017
25.041321
24.910282
24.861568
24.850691
25.327040
24.889267
25.414249
24.789700
25.012028
24.816847
25.024275
24.796259
25.032270
25.095291
25.089943
24.819460
24.782923
24.935476
