22.853882
27.293369
19.237911
21.975332
27.229610
27.783562
23.148970
25.185440
21.321899
22.862104
27.259279
22.436995
25.220753
21.457331
26.931871
29.886278
30.086544
24.589733
27.875677
25.227348
26.434322
22.690285
30.663696
22.342873
23.407415
22.095524
27.497602
21.136709
22.901842
25.750721
23.892410
20.659784
28.720135
25.636234
22.019035
26.758930
25.060617
21.245178
25.422941
28.014923
28.934744
26.202950
29.243740
25.369839
24.171082
22.987253
22.049309
26.527164
23.601879
22.891127
24.043095
24.167141
23.207096
25.845264
24.866013
25.963886
24.104458
24.245810
23.956758
22.992476
28.185286
22.377838
30.252335
21.672537
26.503845
25.241995
27.556013
29.030760
22.638489
26.321980
21.774899
25.662048
22.495296
24.607174
23.658283
27.519880
24.410936
28.034576
28.750156
26.717054
25.286995
22.112505
25.981607
24.579025
25.174887
27.606356
25.686476
24.685450
26.994310
24.682629
23.730881
24.288078
28.626017
27.744165
25.129093
24.714476
22.915047
26.971987
24.142607
21.057301
