16.811291
21.312092
13.232378
15.974030
21.240219
21.739586
17.149994
19.202271
15.324389
16.834051
21.278605
16.469324
19.243204
15.476768
20.963493
23.904739
24.113457
18.555986
21.899822
19.241030
20.363707
16.667686
24.593899
16.352800
17.365627
16.043858
21.478413
15.125766
16.900208
19.670387
17.812338
14.686209
22.852430
19.699701
16.026411
20.819901
19.029856
15.182607
19.418112
21.976158
22.869862
20.228226
23.290033
19.391611
18.141018
16.939194
15.998495
20.434309
17.552387
16.845184
18.001236
18.154905
17.196833
19.783619
18.819166
19.903048
18.123808
18.184772
17.850088
17.001238
22.107912
16.384241
24.248400
15.652606
20.469740
19.217014
21.523819
22.993040
16.586451
20.266743
15.728949
19.632801
16.466274
18.602179
17.610514
21.521910
18.327141
21.859406
22.724764
20.714739
19.238434
16.132408
19.837671
18.549852
19.106812
21.479095
19.694828
18.664425
20.852642
18.608377
17.687071
18.260340
22.595936
21.644356
19.095592
18.644894
16.911676
20.916433
18.072763
14.993669
