9.420547
9.537381
7.713901
9.420532
9.958116
9.202034
9.689668
10.042985
9.266388
8.910782
9.477268
9.322591
9.825684
9.345335
10.064196
9.462894
9.426617
9.826460
9.444043
9.826118
9.794169
9.436564
8.101196
9.027164
8.872200
9.189443
9.960938
9.173137
9.865382
9.935341
9.136739
8.866364
9.193365
9.563634
9.688896
9.652671
9.680277
8.877257
9.416249
9.515717
8.624730
9.439349
8.292913
9.552303
9.973958
9.475049
9.641554
9.104274
9.616894
9.741133
9.370366
9.493970
9.587605
9.713964
9.783561
9.453226
9.943748
9.490018
9.319919
9.622881
9.310396
9.060541
8.594379
9.248491
9.170753
9.044089
9.949222
8.887413
9.489928
9.724480
9.365788
9.316829
9.820442
9.097322
9.647642
9.413510
9.717625
9.090441
8.903356
9.445817
9.275022
9.103988
9.418444
9.422870
9.928101
9.458125
8.714191
9.734747
8.994174
10.379222
9.604567
9.497367
9.392848
8.882862
9.326181
9.427845
9.011863
9.485901
10.161780
9.024683
