11.856895
11.950608
10.131037
11.833664
12.355564
11.614566
12.109241
12.456062
11.699492
11.317364
11.890903
11.750575
12.209949
11.772061
12.466539
11.861132
11.796450
12.232485
11.828797
12.216969
12.184052
11.854644
10.473536
11.416094
11.260582
11.575773
12.355625
11.613604
12.293036
12.391329
11.545734
11.286883
11.651265
12.004947
12.111503
12.113346
12.108685
11.332592
11.861137
11.954735
11.077163
11.890861
10.718514
11.960156
12.388973
11.872876
12.059219
11.515980
12.054949
12.120745
11.793524
11.914870
11.974715
12.117999
12.152536
11.888044
12.369679
11.929241
11.752979
12.074974
11.747457
11.463170
11.032284
11.687750
11.565833
11.482158
12.377626
11.327819
11.931890
12.183494
11.793931
11.765960
12.253590
11.513040
12.085414
11.839967
12.151389
11.532602
11.356448
11.887815
11.676415
11.515117
11.815798
11.876006
12.322416
11.880046
11.175186
12.198316
11.418378
12.818125
12.033992
11.920392
11.819358
11.303966
11.719697
11.897275
11.425379
11.907312
12.595072
11.455160
