16.160059
16.244457
14.467203
16.199638
16.635439
15.885319
16.374645
16.731045
15.915628
15.593762
16.143814
15.981019
16.475573
16.008945
16.732079
16.138208
16.173288
16.559563
16.189329
16.560411
16.540440
16.180489
14.837992
15.761915
15.630509
15.898796
16.694744
15.876873
16.629318
16.654203
15.809848
15.639819
15.911342
16.312757
16.465408
16.420641
16.368999
15.627403
16.149719
16.245556
15.300094
16.174234
15.028065
16.312965
16.665110
16.197811
16.361210
15.869935
16.349386
16.473145
16.119356
16.208597
16.347002
16.451588
16.497978
16.187365
16.688148
16.217335
16.041035
16.334055
16.100100
15.761227
15.397668
15.926947
15.927773
15.795135
16.732086
15.655456
16.281895
16.556557
16.083939
16.093683
16.534229
15.801524
16.372288
16.075146
16.401699
15.738499
15.573205
16.077114
15.934237
15.772011
16.085352
16.067516
16.591789
16.070457
15.366406
16.435141
15.614481
17.054548
16.327143
16.146481
16.068699
15.577126
16.040567
16.093344
15.677368
16.218466
16.840155
15.693428
