17.783659
17.939053
16.091274
17.780935
18.339262
17.605398
18.056011
18.406221
17.678980
17.316689
17.930723
17.699884
18.203243
17.746269
18.542267
17.916054
17.870289
18.291866
17.922564
18.239197
18.245810
17.877312
16.485170
17.516214
17.343292
17.653816
18.340048
17.691143
18.334011
18.368841
17.562363
17.384384
17.584778
17.976177
18.168926
18.044199
18.115858
17.409800
17.925749
17.924103
17.018246
17.807728
16.693607
17.893326
18.337906
17.893484
18.041189
17.481369
18.072552
18.088303
17.767359
17.843803
17.986368
18.107622
18.118145
17.797520
18.491686
18.082548
17.883188
18.170992
17.874918
17.567884
17.218189
17.737816
17.707291
17.612528
18.516758
17.477943
17.975719
18.265284
17.857933
17.898191
18.248781
17.501999
18.054045
17.761765
18.058411
17.406693
17.263130
17.812643
17.642084
17.507626
17.780512
17.827984
18.289383
17.772551
17.091570
18.146910
17.356388
18.761793
18.001125
17.965763
17.888084
17.347824
17.738077
17.948145
17.437460
17.950579
18.633604
17.437613
