26.694384
26.677551
29.308064
26.733294
26.681211
26.880424
26.686211
26.680283
26.765955
26.959497
26.731628
26.788713
26.703642
26.687483
26.686432
26.686718
26.740971
26.731686
26.686848
26.688757
26.845980
26.737835
28.514288
26.698547
26.871418
26.723629
26.677475
26.773109
26.685429
26.693649
26.730700
26.759476
26.960844
26.721947
26.729450
26.692860
26.719927
27.333248
26.798233
26.775574
27.061579
26.687918
27.260723
26.716730
26.683567
26.728142
26.704527
26.915529
26.890429
26.708252
26.848091
26.799473
26.725657
26.731329
26.744875
26.818136
26.710876
26.928438
26.754837
26.692276
26.819374
26.796837
27.349346
26.780266
26.737432
26.917919
26.675425
26.898649
26.748226
26.740093
26.705276
26.802807
26.711500
27.085932
26.741583
26.910091
26.704679
26.887005
27.189905
26.861238
27.032572
27.019390
26.901350
26.785746
26.750458
26.744730
27.137869
26.760933
27.183958
26.679560
26.863354
26.693361
26.875410
26.681093
26.886852
26.969091
26.924545
26.700510
26.676291
26.761337
