13.101868
13.257864
11.378444
13.078071
13.641793
12.879751
13.313597
13.695962
12.900633
12.564520
13.112561
12.956326
13.460886
12.975344
13.712494
13.082234
13.045506
13.443546
13.063114
13.513907
13.466408
13.111145
11.784350
12.680944
12.541991
12.856630
13.640612
12.838157
13.527642
13.596867
12.785236
12.561912
12.848589
13.201901
13.360848
13.320230
13.333129
12.532038
13.088385
13.180245
12.272032
13.134710
11.944343
13.206570
13.607429
13.123713
13.328933
12.798137
13.322622
13.406941
13.090236
13.161782
13.269127
13.414226
13.418749
13.125196
13.659774
13.135513
13.016017
13.320598
13.033942
12.754606
12.307105
12.946895
12.883619
12.739493
13.640859
12.601583
13.203915
13.433959
13.031310
13.009873
13.452014
12.765880
13.354590
13.091739
13.374084
12.783085
12.598719
13.142573
12.928484
12.711287
13.066035
13.087645
13.619975
13.084303
12.410147
13.461343
12.653710
14.059956
13.308125
13.201279
13.079744
12.562628
13.035092
13.113341
12.705631
13.155838
13.847042
12.713360
