24.714827
24.621309
27.059149
24.777681
24.603683
24.925890
24.644068
24.611481
24.738596
25.075991
24.699881
24.784893
24.635271
24.633921
24.588661
24.602652
24.799463
24.667561
24.625656
24.619089
24.800009
24.745131
26.634663
24.716562
24.969591
24.730076
24.604828
24.789083
24.633209
24.642704
24.806473
24.830009
25.032452
24.745396
24.663195
24.665651
24.712467
25.320576
24.830753
24.771975
25.233290
24.639830
25.701080
24.717707
24.621393
24.706051
24.665318
24.996405
24.863680
24.675552
24.878361
24.819910
24.698208
24.698904
24.725876
24.858559
24.657528
24.907455
24.790459
24.645227
24.869747
24.836401
25.591166
24.821562
24.893198
25.071720
24.634529
25.158617
24.807701
24.768084
24.674511
24.899599
24.675446
25.155838
24.726410
24.968073
24.652163
24.967722
25.304169
24.873863
25.072800
25.008930
24.921473
24.809244
24.738661
24.704250
25.306538
24.781221
25.393620
24.648216
24.902794
24.718458
24.959358
24.830072
24.970989
24.992161
24.941095
24.666302
24.591301
24.839796
