22.043545
21.901779
32.454113
22.222334
21.903954
21.963778
21.970512
21.899323
22.120115
22.197317
21.904119
22.182878
21.960495
21.915552
21.905485
21.905197
21.902163
22.033543
21.904879
21.902954
21.934906
22.035486
21.922630
21.927450
21.911823
21.914194
21.908800
22.226046
21.930462
21.906527
22.052452
22.288284
21.900219
21.900434
22.016180
21.912941
21.926954
23.554781
22.019825
21.904528
21.904537
21.904633
21.993074
22.007122
21.907461
21.939333
21.972607
22.124212
22.292719
21.947857
22.162512
22.110683
21.918396
21.959227
21.954645
21.928209
21.970882
22.247057
21.947718
21.920845
21.918051
22.233919
21.903639
22.238117
21.910389
21.992002
21.901493
21.922752
22.195074
21.913095
21.909395
21.917143
22.036669
22.205925
22.026697
21.959949
21.936493
21.904163
21.902451
22.053310
21.997843
22.747549
21.938293
22.168081
21.914637
22.049803
22.453413
21.973763
21.957499
21.912933
22.362488
21.902761
21.918739
21.930300
21.906578
22.228199
22.392290
21.907846
21.903284
22.307983
