45.113155
45.113136
47.688675
45.127087
45.110550
45.162186
45.110477
45.110565
45.167274
45.156387
45.119064
45.116711
45.110558
45.110641
45.110443
45.110443
45.110443
45.141495
45.133945
45.133945
45.166714
45.136478
46.655613
45.134659
45.135590
45.144608
45.133945
45.149292
45.134941
45.134193
45.118336
45.115742
45.120354
45.122749
45.145386
45.117622
45.118153
45.397984
45.120502
45.143700
45.128887
45.116505
45.184582
45.117630
45.121109
45.131237
45.124630
45.159245
45.209522
45.126987
45.130730
45.156773
45.134575
45.128555
45.128689
45.155434
45.120869
45.253174
45.133144
45.120785
45.124439
45.154724
45.141254
45.144302
45.135181
45.133377
45.120644
45.133820
45.123852
45.131138
45.129890
45.156555
45.122368
45.241905
45.141602
45.189007
45.127724
45.150509
45.163334
45.212322
45.140106
45.205719
45.182323
45.162773
45.168549
45.169579
45.324348
45.141853
45.167477
45.125462
45.134758
45.125641
45.180534
45.126240
45.184708
45.297821
45.146275
45.130356
45.128597
45.130753
