10.882012
11.030344
9.190542
10.881632
11.428243
10.690040
11.173822
11.498964
10.734587
10.436982
10.983770
10.782081
11.265051
10.806293
11.527664
10.929259
10.882951
11.287334
10.921848
11.269750
11.228658
10.892973
9.561315
10.490839
10.341826
10.662163
11.432188
10.635932
11.324436
11.377051
10.599607
10.337926
10.663465
11.016006
11.158070
11.113402
11.148491
10.351145
10.914803
11.001178
10.097322
10.912925
9.710061
10.976407
11.382689
10.919230
11.100596
10.508439
11.045825
11.152369
10.808847
10.905468
11.034267
11.143291
11.179669
10.886737
11.384807
10.934996
10.741573
11.103612
10.779984
10.539458
10.043256
10.732409
10.623044
10.535121
11.419580
10.345952
10.991363
11.204787
10.847059
10.801927
11.297913
10.542407
11.110843
10.875327
11.172937
10.564791
10.376348
10.931483
10.741387
10.538433
10.887127
10.862849
11.380190
10.915405
10.183994
11.199616
10.467981
11.839911
11.062144
10.977208
10.859870
10.330246
10.801532
10.889802
10.444953
10.980992
11.615636
10.464753
