38.705864
38.705181
48.694321
38.741352
38.705181
38.729809
38.705612
38.709797
38.836407
38.710232
38.709797
38.734612
38.712990
38.709797
38.709797
38.709797
38.709797
38.731888
38.712399
38.712399
38.712452
38.716873
38.714558
38.712589
38.712399
38.712399
38.712399
38.752480
38.712799
38.712498
38.706669
38.702747
38.700520
38.700520
38.781155
38.700752
38.701729
39.580097
38.721897
38.700520
38.700520
38.700520
38.713078
38.706272
38.703053
38.703053
38.711628
38.776043
38.904343
38.703392
38.713104
38.783913
38.704803
38.707676
38.716713
38.709740
38.707294
38.904095
38.703342
38.703217
38.705528
38.793560
38.702995
38.752224
38.702667
38.711880
38.704021
38.725643
38.724972
38.722374
38.717682
38.717682
38.727287
38.970165
38.757477
38.736050
38.723034
38.718479
38.717682
38.853462
38.728790
39.024544
38.721783
38.820431
38.719368
38.818752
39.106541
38.728039
38.739666
38.718571
38.732742
38.718578
38.723049
38.718571
38.718571
38.943714
38.763447
38.705597
38.704407
38.704441
