21.367325
25.946022
17.802372
20.542440
25.767303
26.202042
21.683405
23.730570
19.843016
21.367277
25.811085
20.995211
23.759085
19.989243
25.497305
28.439970
28.681410
23.075754
26.451403
23.769381
24.943960
21.185215
29.232698
20.884621
21.892460
20.598433
26.060291
19.693201
21.452053
24.255554
22.440517
19.236404
27.384626
24.254837
20.537113
25.322020
23.578316
19.733320
23.904554
26.449484
27.523085
24.745005
27.709995
23.904301
22.661974
21.456940
20.517904
24.978762
22.155338
21.436653
22.572906
22.700228
21.749226
24.326113
23.376839
24.443323
22.669764
22.678787
22.384069
21.581482
26.564598
20.908079
28.718977
20.140762
24.978420
23.713293
25.965837
27.469803
21.084461
24.737352
20.236782
24.140553
20.979788
23.131691
22.139318
26.030205
22.845984
26.284937
27.180502
25.285986
23.756754
20.658363
24.346132
23.095989
23.615961
26.072393
24.361446
23.120960
25.371696
23.188780
22.258684
22.837389
27.197618
26.182535
23.669497
23.201935
21.522919
25.482470
22.652519
19.577381
