0.000378 0.000000 0.25 10.00 1.00 0.00 1.00
0.000363 0.000000 0.25 10.00 2.00 0.00 1.00
0.000362 0.000000 0.25 10.00 3.00 0.00 1.00
0.000378 0.000000 0.25 20.00 1.00 0.00 1.00
0.000363 0.000000 0.25 20.00 2.00 0.00 1.00
0.000363 0.000000 0.25 20.00 3.00 0.00 1.00
0.000378 0.000000 0.25 30.00 1.00 0.00 1.00
0.000363 0.000000 0.25 30.00 2.00 0.00 1.00
0.000363 0.000000 0.25 30.00 3.00 0.00 1.00
0.000378 0.000000 0.50 10.00 1.00 0.00 1.00
0.000363 0.000000 0.50 10.00 2.00 0.00 1.00
0.000363 0.000000 0.50 10.00 3.00 0.00 1.00
0.000378 0.000000 0.50 20.00 1.00 0.00 1.00
0.000363 0.000000 0.50 20.00 2.00 0.00 1.00
0.000363 0.000000 0.50 20.00 3.00 0.00 1.00
0.000378 0.000000 0.50 30.00 1.00 0.00 1.00
0.000363 0.000000 0.50 30.00 2.00 0.00 1.00
0.000363 0.000000 0.50 30.00 3.00 0.00 1.00
0.000378 0.000000 0.75 10.00 1.00 0.00 1.00
0.000363 0.000000 0.75 10.00 2.00 0.00 1.00
0.000363 0.000000 0.75 10.00 3.00 0.00 1.00
0.000378 0.000000 0.75 20.00 1.00 0.00 1.00
0.000363 0.000000 0.75 20.00 2.00 0.00 1.00
0.000363 0.000000 0.75 20.00 3.00 0.00 1.00
0.000378 0.000000 0.75 30.00 1.00 0.00 1.00
0.000363 0.000000 0.75 30.00 2.00 0.00 1.00
0.000363 0.000000 0.75 30.00 3.00 0.00 1.00
0.000378 0.000000 0.25 10.00 1.00 1.00 1.00
0.000363 0.000000 0.25 10.00 2.00 1.00 1.00
0.000362 0.000000 0.25 10.00 3.00 1.00 1.00
0.000378 0.000000 0.25 20.00 1.00 1.00 1.00
0.000363 0.000000 0.25 20.00 2.00 1.00 1.00
0.000363 0.000000 0.25 20.00 3.00 1.00 1.00
0.000378 0.000000 0.25 30.00 1.00 1.00 1.00
0.000363 0.000000 0.25 30.00 2.00 1.00 1.00
0.000363 0.000000 0.25 30.00 3.00 1.00 1.00
0.000378 0.000000 0.50 10.00 1.00 1.00 1.00
0.000363 0.000000 0.50 10.00 2.00 1.00 1.00
0.000363 0.000000 0.50 10.00 3.00 1.00 1.00
0.000378 0.000000 0.50 20.00 1.00 1.00 1.00
0.000363 0.000000 0.50 20.00 2.00 1.00 1.00
0.000363 0.000000 0.50 20.00 3.00 1.00 1.00
0.000378 0.000000 0.50 30.00 1.00 1.00 1.00
0.000363 0.000000 0.50 30.00 2.00 1.00 1.00
0.000363 0.000000 0.50 30.00 3.00 1.00 1.00
0.000378 0.000000 0.75 10.00 1.00 1.00 1.00
0.000363 0.000000 0.75 10.00 2.00 1.00 1.00
0.000363 0.000000 0.75 10.00 3.00 1.00 1.00
0.000378 0.000000 0.75 20.00 1.00 1.00 1.00
0.000363 0.000000 0.75 20.00 2.00 1.00 1.00
0.000363 0.000000 0.75 20.00 3.00 1.00 1.00
0.000378 0.000000 0.75 30.00 1.00 1.00 1.00
0.000363 0.000000 0.75 30.00 2.00 1.00 1.00
0.000363 0.000000 0.75 30.00 3.00 1.00 1.00
0.000378 0.000000 0.25 10.00 1.00 2.00 1.00
0.000362 0.000000 0.25 10.00 2.00 2.00 1.00
0.000362 0.000000 0.25 10.00 3.00 2.00 1.00
0.000378 0.000000 0.25 20.00 1.00 2.00 1.00
0.000363 0.000000 0.25 20.00 2.00 2.00 1.00
0.000363 0.000000 0.25 20.00 3.00 2.00 1.00
0.000378 0.000000 0.25 30.00 1.00 2.00 1.00
0.000363 0.000000 0.25 30.00 2.00 2.00 1.00
0.000363 0.000000 0.25 30.00 3.00 2.00 1.00
0.000378 0.000000 0.50 10.00 1.00 2.00 1.00
0.000363 0.000000 0.50 10.00 2.00 2.00 1.00
0.000363 0.000000 0.50 10.00 3.00 2.00 1.00
0.000378 0.000000 0.50 20.00 1.00 2.00 1.00
0.000363 0.000000 0.50 20.00 2.00 2.00 1.00
0.000363 0.000000 0.50 20.00 3.00 2.00 1.00
0.000378 0.000000 0.50 30.00 1.00 2.00 1.00
0.000363 0.000000 0.50 30.00 2.00 2.00 1.00
0.000363 0.000000 0.50 30.00 3.00 2.00 1.00
0.000378 0.000000 0.75 10.00 1.00 2.00 1.00
0.000363 0.000000 0.75 10.00 2.00 2.00 1.00
0.000363 0.000000 0.75 10.00 3.00 2.00 1.00
0.000378 0.000000 0.75 20.00 1.00 2.00 1.00
0.000363 0.000000 0.75 20.00 2.00 2.00 1.00
0.000363 0.000000 0.75 20.00 3.00 2.00 1.00
0.000378 0.000000 0.75 30.00 1.00 2.00 1.00
0.000363 0.000000 0.75 30.00 2.00 2.00 1.00
0.000363 0.000000 0.75 30.00 3.00 2.00 1.00
0.000374 0.000000 0.25 10.00 1.00 0.00 5.00
0.000363 0.000000 0.25 10.00 2.00 0.00 5.00
0.000362 0.000000 0.25 10.00 3.00 0.00 5.00
0.000374 0.000000 0.25 20.00 1.00 0.00 5.00
0.000363 0.000000 0.25 20.00 2.00 0.00 5.00
0.000363 0.000000 0.25 20.00 3.00 0.00 5.00
0.000374 0.000000 0.25 30.00 1.00 0.00 5.00
0.000363 0.000000 0.25 30.00 2.00 0.00 5.00
0.000363 0.000000 0.25 30.00 3.00 0.00 5.00
0.000374 0.000000 0.50 10.00 1.00 0.00 5.00
0.000363 0.000000 0.50 10.00 2.00 0.00 5.00
0.000363 0.000000 0.50 10.00 3.00 0.00 5.00
0.000374 0.000000 0.50 20.00 1.00 0.00 5.00
0.000363 0.000000 0.50 20.00 2.00 0.00 5.00
0.000363 0.000000 0.50 20.00 3.00 0.00 5.00
0.000374 0.000000 0.50 30.00 1.00 0.00 5.00
0.000363 0.000000 0.50 30.00 2.00 0.00 5.00
0.000363 0.000000 0.50 30.00 3.00 0.00 5.00
0.000374 0.000000 0.75 10.00 1.00 0.00 5.00
0.000363 0.000000 0.75 10.00 2.00 0.00 5.00
0.000363 0.000000 0.75 10.00 3.00 0.00 5.00
0.000374 0.000000 0.75 20.00 1.00 0.00 5.00
0.000363 0.000000 0.75 20.00 2.00 0.00 5.00
0.000363 0.000000 0.75 20.00 3.00 0.00 5.00
0.000374 0.000000 0.75 30.00 1.00 0.00 5.00
0.000363 0.000000 0.75 30.00 2.00 0.00 5.00
0.000363 0.000000 0.75 30.00 3.00 0.00 5.00
0.000342 0.000000 0.25 10.00 1.00 0.00 15.00
0.000361 0.000000 0.25 10.00 2.00 0.00 15.00
0.000360 0.000000 0.25 10.00 3.00 0.00 15.00
0.000342 0.000000 0.25 20.00 1.00 0.00 15.00
0.000361 0.000000 0.25 20.00 2.00 0.00 15.00
0.000361 0.000000 0.25 20.00 3.00 0.00 15.00
0.000342 0.000000 0.25 30.00 1.00 0.00 15.00
0.000361 0.000000 0.25 30.00 2.00 0.00 15.00
0.000361 0.000000 0.25 30.00 3.00 0.00 15.00
0.000342 0.000000 0.50 10.00 1.00 0.00 15.00
0.000361 0.000000 0.50 10.00 2.00 0.00 15.00
0.000361 0.000000 0.50 10.00 3.00 0.00 15.00
0.000342 0.000000 0.50 20.00 1.00 0.00 15.00
0.000361 0.000000 0.50 20.00 2.00 0.00 15.00
0.000361 0.000000 0.50 20.00 3.00 0.00 15.00
0.000342 0.000000 0.50 30.00 1.00 0.00 15.00
0.000361 0.000000 0.50 30.00 2.00 0.00 15.00
0.000361 0.000000 0.50 30.00 3.00 0.00 15.00
0.000342 0.000000 0.75 10.00 1.00 0.00 15.00
0.000361 0.000000 0.75 10.00 2.00 0.00 15.00
0.000361 0.000000 0.75 10.00 3.00 0.00 15.00
0.000342 0.000000 0.75 20.00 1.00 0.00 15.00
0.000361 0.000000 0.75 20.00 2.00 0.00 15.00
0.000361 0.000000 0.75 20.00 3.00 0.00 15.00
0.000342 0.000000 0.75 30.00 1.00 0.00 15.00
0.000361 0.000000 0.75 30.00 2.00 0.00 15.00
0.000361 0.000000 0.75 30.00 3.00 0.00 15.00
0.000293 0.000000 0.25 10.00 1.00 0.00 25.00
0.000357 0.000000 0.25 10.00 2.00 0.00 25.00
0.000356 0.000000 0.25 10.00 3.00 0.00 25.00
0.000293 0.000000 0.25 20.00 1.00 0.00 25.00
0.000358 0.000000 0.25 20.00 2.00 0.00 25.00
0.000357 0.000000 0.25 20.00 3.00 0.00 25.00
0.000293 0.000000 0.25 30.00 1.00 0.00 25.00
0.000358 0.000000 0.25 30.00 2.00 0.00 25.00
0.000358 0.000000 0.25 30.00 3.00 0.00 25.00
0.000293 0.000000 0.50 10.00 1.00 0.00 25.00
0.000358 0.000000 0.50 10.00 2.00 0.00 25.00
0.000357 0.000000 0.50 10.00 3.00 0.00 25.00
0.000293 0.000000 0.50 20.00 1.00 0.00 25.00
0.000358 0.000000 0.50 20.00 2.00 0.00 25.00
0.000358 0.000000 0.50 20.00 3.00 0.00 25.00
0.000293 0.000000 0.50 30.00 1.00 0.00 25.00
0.000358 0.000000 0.50 30.00 2.00 0.00 25.00
0.000358 0.000000 0.50 30.00 3.00 0.00 25.00
0.000293 0.000000 0.75 10.00 1.00 0.00 25.00
0.000358 0.000000 0.75 10.00 2.00 0.00 25.00
0.000358 0.000000 0.75 10.00 3.00 0.00 25.00
0.000293 0.000000 0.75 20.00 1.00 0.00 25.00
0.000358 0.000000 0.75 20.00 2.00 0.00 25.00
0.000358 0.000000 0.75 20.00 3.00 0.00 25.00
0.000293 0.000000 0.75 30.00 1.00 0.00 25.00
0.000358 0.000000 0.75 30.00 2.00 0.00 25.00
0.000358 0.000000 0.75 30.00 3.00 0.00 25.00
0.000243 0.000000 0.25 10.00 1.00 0.00 35.00
0.000352 0.000000 0.25 10.00 2.00 0.00 35.00
0.000351 0.000000 0.25 10.00 3.00 0.00 35.00
0.000243 0.000000 0.25 20.00 1.00 0.00 35.00
0.000353 0.000000 0.25 20.00 2.00 0.00 35.00
0.000352 0.000000 0.25 20.00 3.00 0.00 35.00
0.000243 0.000000 0.25 30.00 1.00 0.00 35.00
0.000353 0.000000 0.25 30.00 2.00 0.00 35.00
0.000353 0.000000 0.25 30.00 3.00 0.00 35.00
0.000243 0.000000 0.50 10.00 1.00 0.00 35.00
0.000353 0.000000 0.50 10.00 2.00 0.00 35.00
0.000352 0.000000 0.50 10.00 3.00 0.00 35.00
0.000243 0.000000 0.50 20.00 1.00 0.00 35.00
0.000353 0.000000 0.50 20.00 2.00 0.00 35.00
0.000353 0.000000 0.50 20.00 3.00 0.00 35.00
0.000243 0.000000 0.50 30.00 1.00 0.00 35.00
0.000353 0.000000 0.50 30.00 2.00 0.00 35.00
0.000353 0.000000 0.50 30.00 3.00 0.00 35.00
0.000243 0.000000 0.75 10.00 1.00 0.00 35.00
0.000353 0.000000 0.75 10.00 2.00 0.00 35.00
0.000353 0.000000 0.75 10.00 3.00 0.00 35.00
0.000243 0.000000 0.75 20.00 1.00 0.00 35.00
0.000353 0.000000 0.75 20.00 2.00 0.00 35.00
0.000353 0.000000 0.75 20.00 3.00 0.00 35.00
0.000243 0.000000 0.75 30.00 1.00 0.00 35.00
0.000353 0.000000 0.75 30.00 2.00 0.00 35.00
0.000353 0.000000 0.75 30.00 3.00 0.00 35.00
