0.000377 0.000000 0.25 10.00 1.00 5.00
0.000361 0.000000 0.25 10.00 2.00 5.00
0.000361 0.000000 0.25 10.00 3.00 5.00
0.000377 0.000000 0.25 20.00 1.00 5.00
0.000362 0.000000 0.25 20.00 2.00 5.00
0.000361 0.000000 0.25 20.00 3.00 5.00
0.000377 0.000000 0.25 30.00 1.00 5.00
0.000362 0.000000 0.25 30.00 2.00 5.00
0.000362 0.000000 0.25 30.00 3.00 5.00
0.000377 0.000000 0.50 10.00 1.00 5.00
0.000362 0.000000 0.50 10.00 2.00 5.00
0.000361 0.000000 0.50 10.00 3.00 5.00
0.000377 0.000000 0.50 20.00 1.00 5.00
0.000362 0.000000 0.50 20.00 2.00 5.00
0.000362 0.000000 0.50 20.00 3.00 5.00
0.000377 0.000000 0.50 30.00 1.00 5.00
0.000362 0.000000 0.50 30.00 2.00 5.00
0.000362 0.000000 0.50 30.00 3.00 5.00
0.000377 0.000000 0.75 10.00 1.00 5.00
0.000362 0.000000 0.75 10.00 2.00 5.00
0.000362 0.000000 0.75 10.00 3.00 5.00
0.000377 0.000000 0.75 20.00 1.00 5.00
0.000362 0.000000 0.75 20.00 2.00 5.00
0.000362 0.000000 0.75 20.00 3.00 5.00
0.000377 0.000000 0.75 30.00 1.00 5.00
0.000362 0.000000 0.75 30.00 2.00 5.00
0.000362 0.000000 0.75 30.00 3.00 5.00
0.000374 0.000000 0.25 10.00 1.00 15.00
0.000356 0.000000 0.25 10.00 2.00 15.00
0.000356 0.000000 0.25 10.00 3.00 15.00
0.000374 0.000000 0.25 20.00 1.00 15.00
0.000357 0.000000 0.25 20.00 2.00 15.00
0.000356 0.000000 0.25 20.00 3.00 15.00
0.000374 0.000000 0.25 30.00 1.00 15.00
0.000357 0.000000 0.25 30.00 2.00 15.00
0.000357 0.000000 0.25 30.00 3.00 15.00
0.000374 0.000000 0.50 10.00 1.00 15.00
0.000357 0.000000 0.50 10.00 2.00 15.00
0.000356 0.000000 0.50 10.00 3.00 15.00
0.000374 0.000000 0.50 20.00 1.00 15.00
0.000357 0.000000 0.50 20.00 2.00 15.00
0.000357 0.000000 0.50 20.00 3.00 15.00
0.000374 0.000000 0.50 30.00 1.00 15.00
0.000357 0.000000 0.50 30.00 2.00 15.00
0.000357 0.000000 0.50 30.00 3.00 15.00
0.000374 0.000000 0.75 10.00 1.00 15.00
0.000357 0.000000 0.75 10.00 2.00 15.00
0.000357 0.000000 0.75 10.00 3.00 15.00
0.000374 0.000000 0.75 20.00 1.00 15.00
0.000357 0.000000 0.75 20.00 2.00 15.00
0.000357 0.000000 0.75 20.00 3.00 15.00
0.000374 0.000000 0.75 30.00 1.00 15.00
0.000357 0.000000 0.75 30.00 2.00 15.00
0.000357 0.000000 0.75 30.00 3.00 15.00
0.000369 0.000000 0.25 10.00 1.00 25.00
0.000350 0.000000 0.25 10.00 2.00 25.00
0.000350 0.000000 0.25 10.00 3.00 25.00
0.000369 0.000000 0.25 20.00 1.00 25.00
0.000350 0.000000 0.25 20.00 2.00 25.00
0.000350 0.000000 0.25 20.00 3.00 25.00
0.000369 0.000000 0.25 30.00 1.00 25.00
0.000350 0.000000 0.25 30.00 2.00 25.00
0.000350 0.000000 0.25 30.00 3.00 25.00
0.000369 0.000000 0.50 10.00 1.00 25.00
0.000350 0.000000 0.50 10.00 2.00 25.00
0.000350 0.000000 0.50 10.00 3.00 25.00
0.000369 0.000000 0.50 20.00 1.00 25.00
0.000350 0.000000 0.50 20.00 2.00 25.00
0.000350 0.000000 0.50 20.00 3.00 25.00
0.000369 0.000000 0.50 30.00 1.00 25.00
0.000350 0.000000 0.50 30.00 2.00 25.00
0.000350 0.000000 0.50 30.00 3.00 25.00
0.000369 0.000000 0.75 10.00 1.00 25.00
0.000350 0.000000 0.75 10.00 2.00 25.00
0.000350 0.000000 0.75 10.00 3.00 25.00
0.000369 0.000000 0.75 20.00 1.00 25.00
0.000350 0.000000 0.75 20.00 2.00 25.00
0.000350 0.000000 0.75 20.00 3.00 25.00
0.000369 0.000000 0.75 30.00 1.00 25.00
0.000350 0.000000 0.75 30.00 2.00 25.00
0.000350 0.000000 0.75 30.00 3.00 25.00
0.000365 0.000000 0.25 10.00 1.00 35.00
0.000343 0.000000 0.25 10.00 2.00 35.00
0.000342 0.000000 0.25 10.00 3.00 35.00
0.000365 0.000000 0.25 20.00 1.00 35.00
0.000343 0.000000 0.25 20.00 2.00 35.00
0.000343 0.000000 0.25 20.00 3.00 35.00
0.000365 0.000000 0.25 30.00 1.00 35.00
0.000343 0.000000 0.25 30.00 2.00 35.00
0.000343 0.000000 0.25 30.00 3.00 35.00
0.000365 0.000000 0.50 10.00 1.00 35.00
0.000343 0.000000 0.50 10.00 2.00 35.00
0.000343 0.000000 0.50 10.00 3.00 35.00
0.000365 0.000000 0.50 20.00 1.00 35.00
0.000343 0.000000 0.50 20.00 2.00 35.00
0.000343 0.000000 0.50 20.00 3.00 35.00
0.000364 0.000000 0.50 30.00 1.00 35.00
0.000343 0.000000 0.50 30.00 2.00 35.00
0.000343 0.000000 0.50 30.00 3.00 35.00
0.000365 0.000000 0.75 10.00 1.00 35.00
0.000343 0.000000 0.75 10.00 2.00 35.00
0.000343 0.000000 0.75 10.00 3.00 35.00
0.000364 0.000000 0.75 20.00 1.00 35.00
0.000343 0.000000 0.75 20.00 2.00 35.00
0.000343 0.000000 0.75 20.00 3.00 35.00
0.000365 0.000000 0.75 30.00 1.00 35.00
0.000343 0.000000 0.75 30.00 2.00 35.00
0.000343 0.000000 0.75 30.00 3.00 35.00
