0.000389 0.000000 1.00 0.00 5.00 5.00
0.000389 0.000000 1.00 0.00 15.00 5.00
0.000388 0.000000 1.00 0.00 25.00 5.00
0.000388 0.000000 1.00 0.00 35.00 5.00
0.000390 0.000000 2.00 0.00 5.00 5.00
0.000389 0.000000 2.00 0.00 15.00 5.00
0.000389 0.000000 2.00 0.00 25.00 5.00
0.000388 0.000000 2.00 0.00 35.00 5.00
0.000389 0.000000 3.00 0.00 5.00 5.00
0.000387 0.000000 3.00 0.00 15.00 5.00
0.000387 0.000000 3.00 0.00 25.00 5.00
0.000386 0.000000 3.00 0.00 35.00 5.00
0.000389 0.000000 4.00 0.00 5.00 5.00
0.000386 0.000000 4.00 0.00 15.00 5.00
0.000385 0.000000 4.00 0.00 25.00 5.00
0.000384 0.000000 4.00 0.00 35.00 5.00
0.000393 0.000000 1.00 0.00 5.00 15.00
0.000393 0.000000 1.00 0.00 15.00 15.00
0.000393 0.000000 1.00 0.00 25.00 15.00
0.000393 0.000000 1.00 0.00 35.00 15.00
0.000397 0.000000 2.00 0.00 5.00 15.00
0.000396 0.000000 2.00 0.00 15.00 15.00
0.000396 0.000000 2.00 0.00 25.00 15.00
0.000396 0.000000 2.00 0.00 35.00 15.00
0.000397 0.000000 3.00 0.00 5.00 15.00
0.000394 0.000000 3.00 0.00 15.00 15.00
0.000394 0.000000 3.00 0.00 25.00 15.00
0.000393 0.000000 3.00 0.00 35.00 15.00
0.000397 0.000000 4.00 0.00 5.00 15.00
0.000392 0.000000 4.00 0.00 15.00 15.00
0.000391 0.000000 4.00 0.00 25.00 15.00
0.000391 0.000000 4.00 0.00 35.00 15.00
0.000395 0.000000 1.00 0.00 5.00 25.00
0.000395 0.000000 1.00 0.00 15.00 25.00
0.000395 0.000000 1.00 0.00 25.00 25.00
0.000395 0.000000 1.00 0.00 35.00 25.00
0.000401 0.000000 2.00 0.00 5.00 25.00
0.000399 0.000000 2.00 0.00 15.00 25.00
0.000399 0.000000 2.00 0.00 25.00 25.00
0.000399 0.000000 2.00 0.00 35.00 25.00
0.000400 0.000000 3.00 0.00 5.00 25.00
0.000397 0.000000 3.00 0.00 15.00 25.00
0.000397 0.000000 3.00 0.00 25.00 25.00
0.000396 0.000000 3.00 0.00 35.00 25.00
0.000400 0.000000 4.00 0.00 5.00 25.00
0.000395 0.000000 4.00 0.00 15.00 25.00
0.000393 0.000000 4.00 0.00 25.00 25.00
0.000393 0.000000 4.00 0.00 35.00 25.00
0.000394 0.000000 1.00 0.00 5.00 35.00
0.000394 0.000000 1.00 0.00 15.00 35.00
0.000394 0.000000 1.00 0.00 25.00 35.00
0.000393 0.000000 1.00 0.00 35.00 35.00
0.000400 0.000000 2.00 0.00 5.00 35.00
0.000398 0.000000 2.00 0.00 15.00 35.00
0.000398 0.000000 2.00 0.00 25.00 35.00
0.000398 0.000000 2.00 0.00 35.00 35.00
0.000399 0.000000 3.00 0.00 5.00 35.00
0.000396 0.000000 3.00 0.00 15.00 35.00
0.000395 0.000000 3.00 0.00 25.00 35.00
0.000394 0.000000 3.00 0.00 35.00 35.00
0.000398 0.000000 4.00 0.00 5.00 35.00
0.000392 0.000000 4.00 0.00 15.00 35.00
0.000391 0.000000 4.00 0.00 25.00 35.00
0.000390 0.000000 4.00 0.00 35.00 35.00
0.000387 0.000000 1.00 0.00 5.00 2.50
0.000387 0.000000 1.00 0.00 15.00 2.50
0.000387 0.000000 1.00 0.00 25.00 2.50
0.000387 0.000000 1.00 0.00 35.00 2.50
0.000387 0.000000 2.00 0.00 5.00 2.50
0.000386 0.000000 2.00 0.00 15.00 2.50
0.000386 0.000000 2.00 0.00 25.00 2.50
0.000385 0.000000 2.00 0.00 35.00 2.50
0.000386 0.000000 3.00 0.00 5.00 2.50
0.000384 0.000000 3.00 0.00 15.00 2.50
0.000384 0.000000 3.00 0.00 25.00 2.50
0.000383 0.000000 3.00 0.00 35.00 2.50
0.000386 0.000000 4.00 0.00 5.00 2.50
0.000383 0.000000 4.00 0.00 15.00 2.50
0.000382 0.000000 4.00 0.00 25.00 2.50
0.000381 0.000000 4.00 0.00 35.00 2.50
0.000390 0.000000 1.00 0.00 5.00 7.50
0.000390 0.000000 1.00 0.00 15.00 7.50
0.000390 0.000000 1.00 0.00 25.00 7.50
0.000390 0.000000 1.00 0.00 35.00 7.50
0.000392 0.000000 2.00 0.00 5.00 7.50
0.000390 0.000000 2.00 0.00 15.00 7.50
0.000390 0.000000 2.00 0.00 25.00 7.50
0.000390 0.000000 2.00 0.00 35.00 7.50
0.000391 0.000000 3.00 0.00 5.00 7.50
0.000389 0.000000 3.00 0.00 15.00 7.50
0.000388 0.000000 3.00 0.00 25.00 7.50
0.000388 0.000000 3.00 0.00 35.00 7.50
0.000391 0.000000 4.00 0.00 5.00 7.50
0.000387 0.000000 4.00 0.00 15.00 7.50
0.000386 0.000000 4.00 0.00 25.00 7.50
0.000386 0.000000 4.00 0.00 35.00 7.50
0.000391 0.000000 1.00 0.00 5.00 10.00
0.000391 0.000000 1.00 0.00 15.00 10.00
0.000391 0.000000 1.00 0.00 25.00 10.00
0.000391 0.000000 1.00 0.00 35.00 10.00
0.000394 0.000000 2.00 0.00 5.00 10.00
0.000393 0.000000 2.00 0.00 15.00 10.00
0.000393 0.000000 2.00 0.00 25.00 10.00
0.000392 0.000000 2.00 0.00 35.00 10.00
0.000394 0.000000 3.00 0.00 5.00 10.00
0.000391 0.000000 3.00 0.00 15.00 10.00
0.000391 0.000000 3.00 0.00 25.00 10.00
0.000390 0.000000 3.00 0.00 35.00 10.00
0.000393 0.000000 4.00 0.00 5.00 10.00
0.000389 0.000000 4.00 0.00 15.00 10.00
0.000388 0.000000 4.00 0.00 25.00 10.00
0.000388 0.000000 4.00 0.00 35.00 10.00
0.000394 0.000000 1.00 0.00 5.00 20.00
0.000394 0.000000 1.00 0.00 15.00 20.00
0.000394 0.000000 1.00 0.00 25.00 20.00
0.000394 0.000000 1.00 0.00 35.00 20.00
0.000400 0.000000 2.00 0.00 5.00 20.00
0.000398 0.000000 2.00 0.00 15.00 20.00
0.000398 0.000000 2.00 0.00 25.00 20.00
0.000398 0.000000 2.00 0.00 35.00 20.00
0.000399 0.000000 3.00 0.00 5.00 20.00
0.000397 0.000000 3.00 0.00 15.00 20.00
0.000396 0.000000 3.00 0.00 25.00 20.00
0.000396 0.000000 3.00 0.00 35.00 20.00
0.000399 0.000000 4.00 0.00 5.00 20.00
0.000394 0.000000 4.00 0.00 15.00 20.00
0.000393 0.000000 4.00 0.00 25.00 20.00
0.000392 0.000000 4.00 0.00 35.00 20.00
