0.000259 0.000000 1.00 0.00 5.00
0.000383 0.000000 1.00 1.00 5.00
0.000259 0.000000 2.00 0.00 5.00
0.000380 0.000000 2.00 1.00 5.00
0.000259 0.000000 3.00 0.00 5.00
0.000378 0.000000 3.00 1.00 5.00
0.000259 0.000000 4.00 0.00 5.00
0.000377 0.000000 4.00 1.00 5.00
0.000254 0.000000 1.00 0.00 15.00
0.000380 0.000000 1.00 1.00 15.00
0.000254 0.000000 2.00 0.00 15.00
0.000379 0.000000 2.00 1.00 15.00
0.000254 0.000000 3.00 0.00 15.00
0.000377 0.000000 3.00 1.00 15.00
0.000254 0.000000 4.00 0.00 15.00
0.000376 0.000000 4.00 1.00 15.00
0.000250 0.000000 1.00 0.00 25.00
0.000376 0.000000 1.00 1.00 25.00
0.000252 0.000000 2.00 0.00 25.00
0.000376 0.000000 2.00 1.00 25.00
0.000252 0.000000 3.00 0.00 25.00
0.000376 0.000000 3.00 1.00 25.00
0.000252 0.000000 4.00 0.00 25.00
0.000375 0.000000 4.00 1.00 25.00
0.000247 0.000000 1.00 0.00 35.00
0.000369 0.000000 1.00 1.00 35.00
0.000249 0.000000 2.00 0.00 35.00
0.000373 0.000000 2.00 1.00 35.00
0.000249 0.000000 3.00 0.00 35.00
0.000374 0.000000 3.00 1.00 35.00
0.000249 0.000000 4.00 0.00 35.00
0.000374 0.000000 4.00 1.00 35.00
0.000268 0.000000 1.00 0.00 2.50
0.000384 0.000000 1.00 1.00 2.50
0.000269 0.000000 2.00 0.00 2.50
0.000381 0.000000 2.00 1.00 2.50
0.000269 0.000000 3.00 0.00 2.50
0.000379 0.000000 3.00 1.00 2.50
0.000269 0.000000 4.00 0.00 2.50
0.000378 0.000000 4.00 1.00 2.50
0.000256 0.000000 1.00 0.00 7.50
0.000383 0.000000 1.00 1.00 7.50
0.000257 0.000000 2.00 0.00 7.50
0.000380 0.000000 2.00 1.00 7.50
0.000257 0.000000 3.00 0.00 7.50
0.000378 0.000000 3.00 1.00 7.50
0.000257 0.000000 4.00 0.00 7.50
0.000377 0.000000 4.00 1.00 7.50
0.000255 0.000000 1.00 0.00 10.00
0.000382 0.000000 1.00 1.00 10.00
0.000255 0.000000 2.00 0.00 10.00
0.000380 0.000000 2.00 1.00 10.00
0.000255 0.000000 3.00 0.00 10.00
0.000378 0.000000 3.00 1.00 10.00
0.000255 0.000000 4.00 0.00 10.00
0.000377 0.000000 4.00 1.00 10.00
0.000252 0.000000 1.00 0.00 20.00
0.000378 0.000000 1.00 1.00 20.00
0.000253 0.000000 2.00 0.00 20.00
0.000378 0.000000 2.00 1.00 20.00
0.000253 0.000000 3.00 0.00 20.00
0.000377 0.000000 3.00 1.00 20.00
0.000253 0.000000 4.00 0.00 20.00
0.000376 0.000000 4.00 1.00 20.00
