0.000386 0.000000 1.00 0.00 5.00 5.00
0.000386 0.000000 1.00 0.00 15.00 5.00
0.000385 0.000000 1.00 0.00 25.00 5.00
0.000385 0.000000 1.00 0.00 35.00 5.00
0.000385 0.000000 2.00 0.00 5.00 5.00
0.000384 0.000000 2.00 0.00 15.00 5.00
0.000383 0.000000 2.00 0.00 25.00 5.00
0.000383 0.000000 2.00 0.00 35.00 5.00
0.000384 0.000000 3.00 0.00 5.00 5.00
0.000382 0.000000 3.00 0.00 15.00 5.00
0.000381 0.000000 3.00 0.00 25.00 5.00
0.000381 0.000000 3.00 0.00 35.00 5.00
0.000384 0.000000 4.00 0.00 5.00 5.00
0.000381 0.000000 4.00 0.00 15.00 5.00
0.000380 0.000000 4.00 0.00 25.00 5.00
0.000379 0.000000 4.00 0.00 35.00 5.00
0.000383 0.000000 1.00 0.00 5.00 15.00
0.000383 0.000000 1.00 0.00 15.00 15.00
0.000383 0.000000 1.00 0.00 25.00 15.00
0.000383 0.000000 1.00 0.00 35.00 15.00
0.000383 0.000000 2.00 0.00 5.00 15.00
0.000382 0.000000 2.00 0.00 15.00 15.00
0.000381 0.000000 2.00 0.00 25.00 15.00
0.000381 0.000000 2.00 0.00 35.00 15.00
0.000382 0.000000 3.00 0.00 5.00 15.00
0.000380 0.000000 3.00 0.00 15.00 15.00
0.000379 0.000000 3.00 0.00 25.00 15.00
0.000379 0.000000 3.00 0.00 35.00 15.00
0.000382 0.000000 4.00 0.00 5.00 15.00
0.000378 0.000000 4.00 0.00 15.00 15.00
0.000377 0.000000 4.00 0.00 25.00 15.00
0.000377 0.000000 4.00 0.00 35.00 15.00
0.000380 0.000000 1.00 0.00 5.00 25.00
0.000380 0.000000 1.00 0.00 15.00 25.00
0.000380 0.000000 1.00 0.00 25.00 25.00
0.000380 0.000000 1.00 0.00 35.00 25.00
0.000379 0.000000 2.00 0.00 5.00 25.00
0.000378 0.000000 2.00 0.00 15.00 25.00
0.000378 0.000000 2.00 0.00 25.00 25.00
0.000378 0.000000 2.00 0.00 35.00 25.00
0.000378 0.000000 3.00 0.00 5.00 25.00
0.000376 0.000000 3.00 0.00 15.00 25.00
0.000375 0.000000 3.00 0.00 25.00 25.00
0.000375 0.000000 3.00 0.00 35.00 25.00
0.000378 0.000000 4.00 0.00 5.00 25.00
0.000374 0.000000 4.00 0.00 15.00 25.00
0.000373 0.000000 4.00 0.00 25.00 25.00
0.000373 0.000000 4.00 0.00 35.00 25.00
0.000376 0.000000 1.00 0.00 5.00 35.00
0.000376 0.000000 1.00 0.00 15.00 35.00
0.000376 0.000000 1.00 0.00 25.00 35.00
0.000376 0.000000 1.00 0.00 35.00 35.00
0.000374 0.000000 2.00 0.00 5.00 35.00
0.000373 0.000000 2.00 0.00 15.00 35.00
0.000373 0.000000 2.00 0.00 25.00 35.00
0.000373 0.000000 2.00 0.00 35.00 35.00
0.000374 0.000000 3.00 0.00 5.00 35.00
0.000371 0.000000 3.00 0.00 15.00 35.00
0.000371 0.000000 3.00 0.00 25.00 35.00
0.000370 0.000000 3.00 0.00 35.00 35.00
0.000373 0.000000 4.00 0.00 5.00 35.00
0.000369 0.000000 4.00 0.00 15.00 35.00
0.000368 0.000000 4.00 0.00 25.00 35.00
0.000368 0.000000 4.00 0.00 35.00 35.00
0.000386 0.000000 1.00 0.00 5.00 2.50
0.000386 0.000000 1.00 0.00 15.00 2.50
0.000386 0.000000 1.00 0.00 25.00 2.50
0.000386 0.000000 1.00 0.00 35.00 2.50
0.000385 0.000000 2.00 0.00 5.00 2.50
0.000384 0.000000 2.00 0.00 15.00 2.50
0.000384 0.000000 2.00 0.00 25.00 2.50
0.000384 0.000000 2.00 0.00 35.00 2.50
0.000384 0.000000 3.00 0.00 5.00 2.50
0.000382 0.000000 3.00 0.00 15.00 2.50
0.000382 0.000000 3.00 0.00 25.00 2.50
0.000381 0.000000 3.00 0.00 35.00 2.50
0.000384 0.000000 4.00 0.00 5.00 2.50
0.000381 0.000000 4.00 0.00 15.00 2.50
0.000380 0.000000 4.00 0.00 25.00 2.50
0.000379 0.000000 4.00 0.00 35.00 2.50
0.000385 0.000000 1.00 0.00 5.00 7.50
0.000385 0.000000 1.00 0.00 15.00 7.50
0.000385 0.000000 1.00 0.00 25.00 7.50
0.000385 0.000000 1.00 0.00 35.00 7.50
0.000384 0.000000 2.00 0.00 5.00 7.50
0.000383 0.000000 2.00 0.00 15.00 7.50
0.000383 0.000000 2.00 0.00 25.00 7.50
0.000383 0.000000 2.00 0.00 35.00 7.50
0.000384 0.000000 3.00 0.00 5.00 7.50
0.000382 0.000000 3.00 0.00 15.00 7.50
0.000381 0.000000 3.00 0.00 25.00 7.50
0.000381 0.000000 3.00 0.00 35.00 7.50
0.000384 0.000000 4.00 0.00 5.00 7.50
0.000380 0.000000 4.00 0.00 15.00 7.50
0.000379 0.000000 4.00 0.00 25.00 7.50
0.000379 0.000000 4.00 0.00 35.00 7.50
0.000385 0.000000 1.00 0.00 5.00 10.00
0.000385 0.000000 1.00 0.00 15.00 10.00
0.000385 0.000000 1.00 0.00 25.00 10.00
0.000385 0.000000 1.00 0.00 35.00 10.00
0.000384 0.000000 2.00 0.00 5.00 10.00
0.000383 0.000000 2.00 0.00 15.00 10.00
0.000383 0.000000 2.00 0.00 25.00 10.00
0.000383 0.000000 2.00 0.00 35.00 10.00
0.000383 0.000000 3.00 0.00 5.00 10.00
0.000381 0.000000 3.00 0.00 15.00 10.00
0.000381 0.000000 3.00 0.00 25.00 10.00
0.000380 0.000000 3.00 0.00 35.00 10.00
0.000383 0.000000 4.00 0.00 5.00 10.00
0.000380 0.000000 4.00 0.00 15.00 10.00
0.000379 0.000000 4.00 0.00 25.00 10.00
0.000378 0.000000 4.00 0.00 35.00 10.00
0.000382 0.000000 1.00 0.00 5.00 20.00
0.000382 0.000000 1.00 0.00 15.00 20.00
0.000382 0.000000 1.00 0.00 25.00 20.00
0.000382 0.000000 1.00 0.00 35.00 20.00
0.000381 0.000000 2.00 0.00 5.00 20.00
0.000380 0.000000 2.00 0.00 15.00 20.00
0.000380 0.000000 2.00 0.00 25.00 20.00
0.000379 0.000000 2.00 0.00 35.00 20.00
0.000380 0.000000 3.00 0.00 5.00 20.00
0.000378 0.000000 3.00 0.00 15.00 20.00
0.000377 0.000000 3.00 0.00 25.00 20.00
0.000377 0.000000 3.00 0.00 35.00 20.00
0.000380 0.000000 4.00 0.00 5.00 20.00
0.000376 0.000000 4.00 0.00 15.00 20.00
0.000375 0.000000 4.00 0.00 25.00 20.00
0.000375 0.000000 4.00 0.00 35.00 20.00
