0.000385 0.000000 1.00 0.50 0.00 1.00
0.000384 0.000000 1.00 0.70 0.00 1.00
0.000382 0.000000 1.00 1.00 0.00 1.00
0.000381 0.000000 1.00 1.30 0.00 1.00
0.000380 0.000000 1.00 1.50 0.00 1.00
0.000380 0.000000 1.00 1.70 0.00 1.00
0.000379 0.000000 1.00 2.00 0.00 1.00
0.000388 0.000000 2.00 0.50 0.00 1.00
0.000387 0.000000 2.00 0.70 0.00 1.00
0.000384 0.000000 2.00 1.00 0.00 1.00
0.000382 0.000000 2.00 1.30 0.00 1.00
0.000381 0.000000 2.00 1.50 0.00 1.00
0.000380 0.000000 2.00 1.70 0.00 1.00
0.000379 0.000000 2.00 2.00 0.00 1.00
0.000389 0.000000 3.00 0.50 0.00 1.00
0.000389 0.000000 3.00 0.70 0.00 1.00
0.000386 0.000000 3.00 1.00 0.00 1.00
0.000383 0.000000 3.00 1.30 0.00 1.00
0.000382 0.000000 3.00 1.50 0.00 1.00
0.000381 0.000000 3.00 1.70 0.00 1.00
0.000380 0.000000 3.00 2.00 0.00 1.00
0.000390 0.000000 4.00 0.50 0.00 1.00
0.000390 0.000000 4.00 0.70 0.00 1.00
0.000387 0.000000 4.00 1.00 0.00 1.00
0.000384 0.000000 4.00 1.30 0.00 1.00
0.000382 0.000000 4.00 1.50 0.00 1.00
0.000381 0.000000 4.00 1.70 0.00 1.00
0.000380 0.000000 4.00 2.00 0.00 1.00
0.000385 0.000000 1.00 0.50 1.00 1.00
0.000384 0.000000 1.00 0.70 1.00 1.00
0.000382 0.000000 1.00 1.00 1.00 1.00
0.000381 0.000000 1.00 1.30 1.00 1.00
0.000380 0.000000 1.00 1.50 1.00 1.00
0.000380 0.000000 1.00 1.70 1.00 1.00
0.000379 0.000000 1.00 2.00 1.00 1.00
0.000388 0.000000 2.00 0.50 1.00 1.00
0.000387 0.000000 2.00 0.70 1.00 1.00
0.000384 0.000000 2.00 1.00 1.00 1.00
0.000382 0.000000 2.00 1.30 1.00 1.00
0.000381 0.000000 2.00 1.50 1.00 1.00
0.000380 0.000000 2.00 1.70 1.00 1.00
0.000379 0.000000 2.00 2.00 1.00 1.00
0.000389 0.000000 3.00 0.50 1.00 1.00
0.000389 0.000000 3.00 0.70 1.00 1.00
0.000386 0.000000 3.00 1.00 1.00 1.00
0.000383 0.000000 3.00 1.30 1.00 1.00
0.000382 0.000000 3.00 1.50 1.00 1.00
0.000381 0.000000 3.00 1.70 1.00 1.00
0.000380 0.000000 3.00 2.00 1.00 1.00
0.000390 0.000000 4.00 0.50 1.00 1.00
0.000390 0.000000 4.00 0.70 1.00 1.00
0.000387 0.000000 4.00 1.00 1.00 1.00
0.000384 0.000000 4.00 1.30 1.00 1.00
0.000382 0.000000 4.00 1.50 1.00 1.00
0.000381 0.000000 4.00 1.70 1.00 1.00
0.000380 0.000000 4.00 2.00 1.00 1.00
0.000385 0.000000 1.00 0.50 2.00 1.00
0.000384 0.000000 1.00 0.70 2.00 1.00
0.000382 0.000000 1.00 1.00 2.00 1.00
0.000381 0.000000 1.00 1.30 2.00 1.00
0.000380 0.000000 1.00 1.50 2.00 1.00
0.000380 0.000000 1.00 1.70 2.00 1.00
0.000379 0.000000 1.00 2.00 2.00 1.00
0.000388 0.000000 2.00 0.50 2.00 1.00
0.000387 0.000000 2.00 0.70 2.00 1.00
0.000384 0.000000 2.00 1.00 2.00 1.00
0.000382 0.000000 2.00 1.30 2.00 1.00
0.000381 0.000000 2.00 1.50 2.00 1.00
0.000380 0.000000 2.00 1.70 2.00 1.00
0.000380 0.000000 2.00 2.00 2.00 1.00
0.000389 0.000000 3.00 0.50 2.00 1.00
0.000389 0.000000 3.00 0.70 2.00 1.00
0.000386 0.000000 3.00 1.00 2.00 1.00
0.000383 0.000000 3.00 1.30 2.00 1.00
0.000382 0.000000 3.00 1.50 2.00 1.00
0.000381 0.000000 3.00 1.70 2.00 1.00
0.000380 0.000000 3.00 2.00 2.00 1.00
0.000390 0.000000 4.00 0.50 2.00 1.00
0.000390 0.000000 4.00 0.70 2.00 1.00
0.000387 0.000000 4.00 1.00 2.00 1.00
0.000384 0.000000 4.00 1.30 2.00 1.00
0.000382 0.000000 4.00 1.50 2.00 1.00
0.000381 0.000000 4.00 1.70 2.00 1.00
0.000380 0.000000 4.00 2.00 2.00 1.00
0.000385 0.000000 1.00 0.50 0.00 5.00
0.000383 0.000000 1.00 0.70 0.00 5.00
0.000381 0.000000 1.00 1.00 0.00 5.00
0.000380 0.000000 1.00 1.30 0.00 5.00
0.000379 0.000000 1.00 1.50 0.00 5.00
0.000378 0.000000 1.00 1.70 0.00 5.00
0.000377 0.000000 1.00 2.00 0.00 5.00
0.000388 0.000000 2.00 0.50 0.00 5.00
0.000386 0.000000 2.00 0.70 0.00 5.00
0.000384 0.000000 2.00 1.00 0.00 5.00
0.000381 0.000000 2.00 1.30 0.00 5.00
0.000379 0.000000 2.00 1.50 0.00 5.00
0.000378 0.000000 2.00 1.70 0.00 5.00
0.000377 0.000000 2.00 2.00 0.00 5.00
0.000389 0.000000 3.00 0.50 0.00 5.00
0.000388 0.000000 3.00 0.70 0.00 5.00
0.000385 0.000000 3.00 1.00 0.00 5.00
0.000382 0.000000 3.00 1.30 0.00 5.00
0.000380 0.000000 3.00 1.50 0.00 5.00
0.000378 0.000000 3.00 1.70 0.00 5.00
0.000377 0.000000 3.00 2.00 0.00 5.00
0.000390 0.000000 4.00 0.50 0.00 5.00
0.000390 0.000000 4.00 0.70 0.00 5.00
0.000387 0.000000 4.00 1.00 0.00 5.00
0.000382 0.000000 4.00 1.30 0.00 5.00
0.000380 0.000000 4.00 1.50 0.00 5.00
0.000379 0.000000 4.00 1.70 0.00 5.00
0.000377 0.000000 4.00 2.00 0.00 5.00
0.000380 0.000000 1.00 0.50 0.00 15.00
0.000377 0.000000 1.00 0.70 0.00 15.00
0.000371 0.000000 1.00 1.00 0.00 15.00
0.000366 0.000000 1.00 1.30 0.00 15.00
0.000364 0.000000 1.00 1.50 0.00 15.00
0.000362 0.000000 1.00 1.70 0.00 15.00
0.000359 0.000000 1.00 2.00 0.00 15.00
0.000384 0.000000 2.00 0.50 0.00 15.00
0.000380 0.000000 2.00 0.70 0.00 15.00
0.000373 0.000000 2.00 1.00 0.00 15.00
0.000365 0.000000 2.00 1.30 0.00 15.00
0.000361 0.000000 2.00 1.50 0.00 15.00
0.000358 0.000000 2.00 1.70 0.00 15.00
0.000355 0.000000 2.00 2.00 0.00 15.00
0.000386 0.000000 3.00 0.50 0.00 15.00
0.000383 0.000000 3.00 0.70 0.00 15.00
0.000374 0.000000 3.00 1.00 0.00 15.00
0.000365 0.000000 3.00 1.30 0.00 15.00
0.000360 0.000000 3.00 1.50 0.00 15.00
0.000356 0.000000 3.00 1.70 0.00 15.00
0.000352 0.000000 3.00 2.00 0.00 15.00
0.000387 0.000000 4.00 0.50 0.00 15.00
0.000384 0.000000 4.00 0.70 0.00 15.00
0.000375 0.000000 4.00 1.00 0.00 15.00
0.000365 0.000000 4.00 1.30 0.00 15.00
0.000359 0.000000 4.00 1.50 0.00 15.00
0.000355 0.000000 4.00 1.70 0.00 15.00
0.000351 0.000000 4.00 2.00 0.00 15.00
0.000370 0.000000 1.00 0.50 0.00 25.00
0.000362 0.000000 1.00 0.70 0.00 25.00
0.000350 0.000000 1.00 1.00 0.00 25.00
0.000340 0.000000 1.00 1.30 0.00 25.00
0.000335 0.000000 1.00 1.50 0.00 25.00
0.000331 0.000000 1.00 1.70 0.00 25.00
0.000327 0.000000 1.00 2.00 0.00 25.00
0.000377 0.000000 2.00 0.50 0.00 25.00
0.000367 0.000000 2.00 0.70 0.00 25.00
0.000349 0.000000 2.00 1.00 0.00 25.00
0.000334 0.000000 2.00 1.30 0.00 25.00
0.000327 0.000000 2.00 1.50 0.00 25.00
0.000321 0.000000 2.00 1.70 0.00 25.00
0.000315 0.000000 2.00 2.00 0.00 25.00
0.000379 0.000000 3.00 0.50 0.00 25.00
0.000369 0.000000 3.00 0.70 0.00 25.00
0.000349 0.000000 3.00 1.00 0.00 25.00
0.000331 0.000000 3.00 1.30 0.00 25.00
0.000322 0.000000 3.00 1.50 0.00 25.00
0.000316 0.000000 3.00 1.70 0.00 25.00
0.000309 0.000000 3.00 2.00 0.00 25.00
0.000381 0.000000 4.00 0.50 0.00 25.00
0.000370 0.000000 4.00 0.70 0.00 25.00
0.000349 0.000000 4.00 1.00 0.00 25.00
0.000329 0.000000 4.00 1.30 0.00 25.00
0.000320 0.000000 4.00 1.50 0.00 25.00
0.000313 0.000000 4.00 1.70 0.00 25.00
0.000306 0.000000 4.00 2.00 0.00 25.00
0.000354 0.000000 1.00 0.50 0.00 35.00
0.000340 0.000000 1.00 0.70 0.00 35.00
0.000321 0.000000 1.00 1.00 0.00 35.00
0.000306 0.000000 1.00 1.30 0.00 35.00
0.000300 0.000000 1.00 1.50 0.00 35.00
0.000294 0.000000 1.00 1.70 0.00 35.00
0.000288 0.000000 1.00 2.00 0.00 35.00
0.000365 0.000000 2.00 0.50 0.00 35.00
0.000346 0.000000 2.00 0.70 0.00 35.00
0.000316 0.000000 2.00 1.00 0.00 35.00
0.000294 0.000000 2.00 1.30 0.00 35.00
0.000285 0.000000 2.00 1.50 0.00 35.00
0.000277 0.000000 2.00 1.70 0.00 35.00
0.000270 0.000000 2.00 2.00 0.00 35.00
0.000368 0.000000 3.00 0.50 0.00 35.00
0.000348 0.000000 3.00 0.70 0.00 35.00
0.000314 0.000000 3.00 1.00 0.00 35.00
0.000289 0.000000 3.00 1.30 0.00 35.00
0.000277 0.000000 3.00 1.50 0.00 35.00
0.000269 0.000000 3.00 1.70 0.00 35.00
0.000262 0.000000 3.00 2.00 0.00 35.00
0.000370 0.000000 4.00 0.50 0.00 35.00
0.000349 0.000000 4.00 0.70 0.00 35.00
0.000313 0.000000 4.00 1.00 0.00 35.00
0.000286 0.000000 4.00 1.30 0.00 35.00
0.000273 0.000000 4.00 1.50 0.00 35.00
0.000265 0.000000 4.00 1.70 0.00 35.00
0.000257 0.000000 4.00 2.00 0.00 35.00
