0.000381 0.000000 1.00 0.05
0.000378 0.000000 2.00 0.05
0.000374 0.000000 3.00 0.05
0.000371 0.000000 4.00 0.05
0.000374 0.000000 1.00 0.15
0.000374 0.000000 2.00 0.15
0.000369 0.000000 3.00 0.15
0.000363 0.000000 4.00 0.15
0.000352 0.000000 1.00 0.25
0.000366 0.000000 2.00 0.25
0.000357 0.000000 3.00 0.25
0.000349 0.000000 4.00 0.25
0.000297 0.000000 1.00 0.35
0.000355 0.000000 2.00 0.35
0.000348 0.000000 3.00 0.35
0.000340 0.000000 4.00 0.35
0.000381 0.000000 1.00 0.03
0.000378 0.000000 2.00 0.03
0.000374 0.000000 3.00 0.03
0.000371 0.000000 4.00 0.03
0.000380 0.000000 1.00 0.07
0.000377 0.000000 2.00 0.07
0.000373 0.000000 3.00 0.07
0.000370 0.000000 4.00 0.07
0.000379 0.000000 1.00 0.10
0.000376 0.000000 2.00 0.10
0.000372 0.000000 3.00 0.10
0.000368 0.000000 4.00 0.10
0.000367 0.000000 1.00 0.20
0.000370 0.000000 2.00 0.20
0.000363 0.000000 3.00 0.20
0.000355 0.000000 4.00 0.20
0.000368 0.000000 5.00 0.03
0.000368 0.000000 5.00 0.05
0.000367 0.000000 5.00 0.07
0.000365 0.000000 5.00 0.10
0.000356 0.000000 5.00 0.15
0.000348 0.000000 5.00 0.20
0.000342 0.000000 5.00 0.25
0.000333 0.000000 5.00 0.35
