0.000378 0.000000 1.00 0.05
0.000388 0.000000 2.00 0.05
0.000388 0.000000 3.00 0.05
0.000386 0.000000 4.00 0.05
0.000357 0.000000 1.00 0.15
0.000388 0.000000 2.00 0.15
0.000392 0.000000 3.00 0.15
0.000390 0.000000 4.00 0.15
0.000329 0.000000 1.00 0.25
0.000375 0.000000 2.00 0.25
0.000382 0.000000 3.00 0.25
0.000380 0.000000 4.00 0.25
0.000294 0.000000 1.00 0.35
0.000348 0.000000 2.00 0.35
0.000356 0.000000 3.00 0.35
0.000355 0.000000 4.00 0.35
0.000382 0.000000 1.00 0.03
0.000386 0.000000 2.00 0.03
0.000384 0.000000 3.00 0.03
0.000382 0.000000 4.00 0.03
0.000374 0.000000 1.00 0.07
0.000389 0.000000 2.00 0.07
0.000390 0.000000 3.00 0.07
0.000388 0.000000 4.00 0.07
0.000369 0.000000 1.00 0.10
0.000389 0.000000 2.00 0.10
0.000391 0.000000 3.00 0.10
0.000390 0.000000 4.00 0.10
0.000344 0.000000 1.00 0.20
0.000383 0.000000 2.00 0.20
0.000388 0.000000 3.00 0.20
0.000387 0.000000 4.00 0.20
0.000380 0.000000 5.00 0.03
0.000383 0.000000 5.00 0.05
0.000385 0.000000 5.00 0.07
0.000387 0.000000 5.00 0.10
0.000387 0.000000 5.00 0.15
0.000383 0.000000 5.00 0.20
0.000376 0.000000 5.00 0.25
0.000351 0.000000 5.00 0.35
