0.000383 0.000000 1.00 0.50 5.00
0.000379 0.000000 1.00 0.70 5.00
0.000374 0.000000 1.00 1.00 5.00
0.000371 0.000000 1.00 1.30 5.00
0.000370 0.000000 1.00 1.50 5.00
0.000369 0.000000 1.00 1.70 5.00
0.000368 0.000000 1.00 2.00 5.00
0.000386 0.000000 2.00 0.50 5.00
0.000381 0.000000 2.00 0.70 5.00
0.000372 0.000000 2.00 1.00 5.00
0.000365 0.000000 2.00 1.30 5.00
0.000363 0.000000 2.00 1.50 5.00
0.000361 0.000000 2.00 1.70 5.00
0.000359 0.000000 2.00 2.00 5.00
0.000388 0.000000 3.00 0.50 5.00
0.000383 0.000000 3.00 0.70 5.00
0.000372 0.000000 3.00 1.00 5.00
0.000363 0.000000 3.00 1.30 5.00
0.000359 0.000000 3.00 1.50 5.00
0.000357 0.000000 3.00 1.70 5.00
0.000355 0.000000 3.00 2.00 5.00
0.000389 0.000000 4.00 0.50 5.00
0.000384 0.000000 4.00 0.70 5.00
0.000373 0.000000 4.00 1.00 5.00
0.000363 0.000000 4.00 1.30 5.00
0.000358 0.000000 4.00 1.50 5.00
0.000355 0.000000 4.00 1.70 5.00
0.000353 0.000000 4.00 2.00 5.00
0.000368 0.000000 1.00 0.50 15.00
0.000354 0.000000 1.00 0.70 15.00
0.000339 0.000000 1.00 1.00 15.00
0.000332 0.000000 1.00 1.30 15.00
0.000329 0.000000 1.00 1.50 15.00
0.000327 0.000000 1.00 1.70 15.00
0.000326 0.000000 1.00 2.00 15.00
0.000372 0.000000 2.00 0.50 15.00
0.000355 0.000000 2.00 0.70 15.00
0.000335 0.000000 2.00 1.00 15.00
0.000324 0.000000 2.00 1.30 15.00
0.000320 0.000000 2.00 1.50 15.00
0.000317 0.000000 2.00 1.70 15.00
0.000315 0.000000 2.00 2.00 15.00
0.000373 0.000000 3.00 0.50 15.00
0.000356 0.000000 3.00 0.70 15.00
0.000335 0.000000 3.00 1.00 15.00
0.000323 0.000000 3.00 1.30 15.00
0.000318 0.000000 3.00 1.50 15.00
0.000316 0.000000 3.00 1.70 15.00
0.000313 0.000000 3.00 2.00 15.00
0.000374 0.000000 4.00 0.50 15.00
0.000357 0.000000 4.00 0.70 15.00
0.000336 0.000000 4.00 1.00 15.00
0.000323 0.000000 4.00 1.30 15.00
0.000318 0.000000 4.00 1.50 15.00
0.000315 0.000000 4.00 1.70 15.00
0.000313 0.000000 4.00 2.00 15.00
0.000351 0.000000 1.00 0.50 25.00
0.000331 0.000000 1.00 0.70 25.00
0.000312 0.000000 1.00 1.00 25.00
0.000303 0.000000 1.00 1.30 25.00
0.000299 0.000000 1.00 1.50 25.00
0.000297 0.000000 1.00 1.70 25.00
0.000295 0.000000 1.00 2.00 25.00
0.000354 0.000000 2.00 0.50 25.00
0.000331 0.000000 2.00 0.70 25.00
0.000310 0.000000 2.00 1.00 25.00
0.000299 0.000000 2.00 1.30 25.00
0.000295 0.000000 2.00 1.50 25.00
0.000292 0.000000 2.00 1.70 25.00
0.000291 0.000000 2.00 2.00 25.00
0.000354 0.000000 3.00 0.50 25.00
0.000332 0.000000 3.00 0.70 25.00
0.000310 0.000000 3.00 1.00 25.00
0.000298 0.000000 3.00 1.30 25.00
0.000294 0.000000 3.00 1.50 25.00
0.000292 0.000000 3.00 1.70 25.00
0.000290 0.000000 3.00 2.00 25.00
0.000354 0.000000 4.00 0.50 25.00
0.000333 0.000000 4.00 0.70 25.00
0.000310 0.000000 4.00 1.00 25.00
0.000299 0.000000 4.00 1.30 25.00
0.000294 0.000000 4.00 1.50 25.00
0.000292 0.000000 4.00 1.70 25.00
0.000290 0.000000 4.00 2.00 25.00
0.000337 0.000000 1.00 0.50 35.00
0.000315 0.000000 1.00 0.70 35.00
0.000295 0.000000 1.00 1.00 35.00
0.000286 0.000000 1.00 1.30 35.00
0.000282 0.000000 1.00 1.50 35.00
0.000280 0.000000 1.00 1.70 35.00
0.000278 0.000000 1.00 2.00 35.00
0.000338 0.000000 2.00 0.50 35.00
0.000315 0.000000 2.00 0.70 35.00
0.000294 0.000000 2.00 1.00 35.00
0.000284 0.000000 2.00 1.30 35.00
0.000280 0.000000 2.00 1.50 35.00
0.000278 0.000000 2.00 1.70 35.00
0.000276 0.000000 2.00 2.00 35.00
0.000338 0.000000 3.00 0.50 35.00
0.000315 0.000000 3.00 0.70 35.00
0.000294 0.000000 3.00 1.00 35.00
0.000283 0.000000 3.00 1.30 35.00
0.000280 0.000000 3.00 1.50 35.00
0.000278 0.000000 3.00 1.70 35.00
0.000276 0.000000 3.00 2.00 35.00
0.000338 0.000000 4.00 0.50 35.00
0.000316 0.000000 4.00 0.70 35.00
0.000295 0.000000 4.00 1.00 35.00
0.000284 0.000000 4.00 1.30 35.00
0.000280 0.000000 4.00 1.50 35.00
0.000278 0.000000 4.00 1.70 35.00
0.000276 0.000000 4.00 2.00 35.00
0.000385 0.000000 1.00 0.50 2.50
0.000383 0.000000 1.00 0.70 2.50
0.000380 0.000000 1.00 1.00 2.50
0.000379 0.000000 1.00 1.30 2.50
0.000378 0.000000 1.00 1.50 2.50
0.000377 0.000000 1.00 1.70 2.50
0.000377 0.000000 1.00 2.00 2.50
0.000387 0.000000 2.00 0.50 2.50
0.000385 0.000000 2.00 0.70 2.50
0.000381 0.000000 2.00 1.00 2.50
0.000378 0.000000 2.00 1.30 2.50
0.000377 0.000000 2.00 1.50 2.50
0.000376 0.000000 2.00 1.70 2.50
0.000375 0.000000 2.00 2.00 2.50
0.000389 0.000000 3.00 0.50 2.50
0.000388 0.000000 3.00 0.70 2.50
0.000383 0.000000 3.00 1.00 2.50
0.000378 0.000000 3.00 1.30 2.50
0.000375 0.000000 3.00 1.50 2.50
0.000374 0.000000 3.00 1.70 2.50
0.000372 0.000000 3.00 2.00 2.50
0.000390 0.000000 4.00 0.50 2.50
0.000389 0.000000 4.00 0.70 2.50
0.000384 0.000000 4.00 1.00 2.50
0.000378 0.000000 4.00 1.30 2.50
0.000375 0.000000 4.00 1.50 2.50
0.000372 0.000000 4.00 1.70 2.50
0.000371 0.000000 4.00 2.00 2.50
0.000381 0.000000 1.00 0.50 7.50
0.000374 0.000000 1.00 0.70 7.50
0.000368 0.000000 1.00 1.00 7.50
0.000364 0.000000 1.00 1.30 7.50
0.000362 0.000000 1.00 1.50 7.50
0.000361 0.000000 1.00 1.70 7.50
0.000360 0.000000 1.00 2.00 7.50
0.000384 0.000000 2.00 0.50 7.50
0.000377 0.000000 2.00 0.70 7.50
0.000364 0.000000 2.00 1.00 7.50
0.000356 0.000000 2.00 1.30 7.50
0.000353 0.000000 2.00 1.50 7.50
0.000350 0.000000 2.00 1.70 7.50
0.000348 0.000000 2.00 2.00 7.50
0.000386 0.000000 3.00 0.50 7.50
0.000379 0.000000 3.00 0.70 7.50
0.000364 0.000000 3.00 1.00 7.50
0.000354 0.000000 3.00 1.30 7.50
0.000349 0.000000 3.00 1.50 7.50
0.000347 0.000000 3.00 1.70 7.50
0.000344 0.000000 3.00 2.00 7.50
0.000387 0.000000 4.00 0.50 7.50
0.000380 0.000000 4.00 0.70 7.50
0.000365 0.000000 4.00 1.00 7.50
0.000353 0.000000 4.00 1.30 7.50
0.000349 0.000000 4.00 1.50 7.50
0.000346 0.000000 4.00 1.70 7.50
0.000343 0.000000 4.00 2.00 7.50
0.000376 0.000000 1.00 0.50 10.00
0.000367 0.000000 1.00 0.70 10.00
0.000357 0.000000 1.00 1.00 10.00
0.000352 0.000000 1.00 1.30 10.00
0.000350 0.000000 1.00 1.50 10.00
0.000348 0.000000 1.00 1.70 10.00
0.000347 0.000000 1.00 2.00 10.00
0.000381 0.000000 2.00 0.50 10.00
0.000369 0.000000 2.00 0.70 10.00
0.000353 0.000000 2.00 1.00 10.00
0.000343 0.000000 2.00 1.30 10.00
0.000339 0.000000 2.00 1.50 10.00
0.000336 0.000000 2.00 1.70 10.00
0.000334 0.000000 2.00 2.00 10.00
0.000382 0.000000 3.00 0.50 10.00
0.000371 0.000000 3.00 0.70 10.00
0.000353 0.000000 3.00 1.00 10.00
0.000341 0.000000 3.00 1.30 10.00
0.000336 0.000000 3.00 1.50 10.00
0.000333 0.000000 3.00 1.70 10.00
0.000331 0.000000 3.00 2.00 10.00
0.000383 0.000000 4.00 0.50 10.00
0.000372 0.000000 4.00 0.70 10.00
0.000353 0.000000 4.00 1.00 10.00
0.000341 0.000000 4.00 1.30 10.00
0.000336 0.000000 4.00 1.50 10.00
0.000333 0.000000 4.00 1.70 10.00
0.000330 0.000000 4.00 2.00 10.00
0.000359 0.000000 1.00 0.50 20.00
0.000342 0.000000 1.00 0.70 20.00
0.000324 0.000000 1.00 1.00 20.00
0.000316 0.000000 1.00 1.30 20.00
0.000313 0.000000 1.00 1.50 20.00
0.000310 0.000000 1.00 1.70 20.00
0.000309 0.000000 1.00 2.00 20.00
0.000363 0.000000 2.00 0.50 20.00
0.000343 0.000000 2.00 0.70 20.00
0.000321 0.000000 2.00 1.00 20.00
0.000310 0.000000 2.00 1.30 20.00
0.000306 0.000000 2.00 1.50 20.00
0.000303 0.000000 2.00 1.70 20.00
0.000301 0.000000 2.00 2.00 20.00
0.000363 0.000000 3.00 0.50 20.00
0.000343 0.000000 3.00 0.70 20.00
0.000321 0.000000 3.00 1.00 20.00
0.000309 0.000000 3.00 1.30 20.00
0.000305 0.000000 3.00 1.50 20.00
0.000302 0.000000 3.00 1.70 20.00
0.000300 0.000000 3.00 2.00 20.00
0.000364 0.000000 4.00 0.50 20.00
0.000344 0.000000 4.00 0.70 20.00
0.000322 0.000000 4.00 1.00 20.00
0.000309 0.000000 4.00 1.30 20.00
0.000305 0.000000 4.00 1.50 20.00
0.000302 0.000000 4.00 1.70 20.00
0.000300 0.000000 4.00 2.00 20.00
