0.000371 0.000000 1.00 0.50 0.05
0.000361 0.000000 1.00 0.70 0.05
0.000352 0.000000 1.00 1.00 0.05
0.000349 0.000000 1.00 1.30 0.05
0.000348 0.000000 1.00 1.50 0.05
0.000347 0.000000 1.00 1.70 0.05
0.000347 0.000000 1.00 2.00 0.05
0.000375 0.000000 2.00 0.50 0.05
0.000353 0.000000 2.00 0.70 0.05
0.000325 0.000000 2.00 1.00 0.05
0.000313 0.000000 2.00 1.30 0.05
0.000310 0.000000 2.00 1.50 0.05
0.000309 0.000000 2.00 1.70 0.05
0.000307 0.000000 2.00 2.00 0.05
0.000379 0.000000 3.00 0.50 0.05
0.000354 0.000000 3.00 0.70 0.05
0.000309 0.000000 3.00 1.00 0.05
0.000287 0.000000 3.00 1.30 0.05
0.000282 0.000000 3.00 1.50 0.05
0.000279 0.000000 3.00 1.70 0.05
0.000278 0.000000 3.00 2.00 0.05
0.000380 0.000000 4.00 0.50 0.05
0.000354 0.000000 4.00 0.70 0.05
0.000302 0.000000 4.00 1.00 0.05
0.000273 0.000000 4.00 1.30 0.05
0.000266 0.000000 4.00 1.50 0.05
0.000263 0.000000 4.00 1.70 0.05
0.000261 0.000000 4.00 2.00 0.05
0.000290 0.000000 1.00 0.50 0.15
0.000249 0.000000 1.00 0.70 0.15
0.000224 0.000000 1.00 1.00 0.15
0.000217 0.000000 1.00 1.30 0.15
0.000215 0.000000 1.00 1.50 0.15
0.000214 0.000000 1.00 1.70 0.15
0.000214 0.000000 1.00 2.00 0.15
0.000292 0.000000 2.00 0.50 0.15
0.000221 0.000000 2.00 0.70 0.15
0.000169 0.000000 2.00 1.00 0.15
0.000155 0.000000 2.00 1.30 0.15
0.000152 0.000000 2.00 1.50 0.15
0.000151 0.000000 2.00 1.70 0.15
0.000150 0.000000 2.00 2.00 0.15
0.000292 0.000000 3.00 0.50 0.15
0.000214 0.000000 3.00 0.70 0.15
0.000156 0.000000 3.00 1.00 0.15
0.000140 0.000000 3.00 1.30 0.15
0.000137 0.000000 3.00 1.50 0.15
0.000135 0.000000 3.00 1.70 0.15
0.000134 0.000000 3.00 2.00 0.15
0.000292 0.000000 4.00 0.50 0.15
0.000211 0.000000 4.00 0.70 0.15
0.000153 0.000000 4.00 1.00 0.15
0.000137 0.000000 4.00 1.30 0.15
0.000134 0.000000 4.00 1.50 0.15
0.000133 0.000000 4.00 1.70 0.15
0.000132 0.000000 4.00 2.00 0.15
0.000202 0.000000 1.00 0.50 0.25
0.000154 0.000000 1.00 0.70 0.25
0.000130 0.000000 1.00 1.00 0.25
0.000124 0.000000 1.00 1.30 0.25
0.000122 0.000000 1.00 1.50 0.25
0.000122 0.000000 1.00 1.70 0.25
0.000122 0.000000 1.00 2.00 0.25
0.000196 0.000000 2.00 0.50 0.25
0.000130 0.000000 2.00 0.70 0.25
0.000095 0.000000 2.00 1.00 0.25
0.000086 0.000000 2.00 1.30 0.25
0.000085 0.000000 2.00 1.50 0.25
0.000084 0.000000 2.00 1.70 0.25
0.000084 0.000000 2.00 2.00 0.25
0.000193 0.000000 3.00 0.50 0.25
0.000124 0.000000 3.00 0.70 0.25
0.000090 0.000000 3.00 1.00 0.25
0.000082 0.000000 3.00 1.30 0.25
0.000081 0.000000 3.00 1.50 0.25
0.000080 0.000000 3.00 1.70 0.25
0.000080 0.000000 3.00 2.00 0.25
0.000190 0.000000 4.00 0.50 0.25
0.000122 0.000000 4.00 0.70 0.25
0.000089 0.000000 4.00 1.00 0.25
0.000082 0.000000 4.00 1.30 0.25
0.000081 0.000000 4.00 1.50 0.25
0.000080 0.000000 4.00 1.70 0.25
0.000080 0.000000 4.00 2.00 0.25
0.000134 0.000000 1.00 0.50 0.35
0.000094 0.000000 1.00 0.70 0.35
0.000076 0.000000 1.00 1.00 0.35
0.000072 0.000000 1.00 1.30 0.35
0.000071 0.000000 1.00 1.50 0.35
0.000071 0.000000 1.00 1.70 0.35
0.000071 0.000000 1.00 2.00 0.35
0.000125 0.000000 2.00 0.50 0.35
0.000078 0.000000 2.00 0.70 0.35
0.000058 0.000000 2.00 1.00 0.35
0.000053 0.000000 2.00 1.30 0.35
0.000052 0.000000 2.00 1.50 0.35
0.000052 0.000000 2.00 1.70 0.35
0.000052 0.000000 2.00 2.00 0.35
0.000121 0.000000 3.00 0.50 0.35
0.000075 0.000000 3.00 0.70 0.35
0.000056 0.000000 3.00 1.00 0.35
0.000052 0.000000 3.00 1.30 0.35
0.000051 0.000000 3.00 1.50 0.35
0.000051 0.000000 3.00 1.70 0.35
0.000051 0.000000 3.00 2.00 0.35
0.000119 0.000000 4.00 0.50 0.35
0.000074 0.000000 4.00 0.70 0.35
0.000056 0.000000 4.00 1.00 0.35
0.000052 0.000000 4.00 1.30 0.35
0.000051 0.000000 4.00 1.50 0.35
0.000051 0.000000 4.00 1.70 0.35
0.000051 0.000000 4.00 2.00 0.35
