0.000289 0.000000 1.00 0.00 0.05
0.000361 0.000000 1.00 1.00 0.05
0.000294 0.000000 2.00 0.00 0.05
0.000370 0.000000 2.00 1.00 0.05
0.000295 0.000000 3.00 0.00 0.05
0.000371 0.000000 3.00 1.00 0.05
0.000295 0.000000 4.00 0.00 0.05
0.000371 0.000000 4.00 1.00 0.05
0.000257 0.000000 1.00 0.00 0.15
0.000311 0.000000 1.00 1.00 0.15
0.000270 0.000000 2.00 0.00 0.15
0.000341 0.000000 2.00 1.00 0.15
0.000272 0.000000 3.00 0.00 0.15
0.000350 0.000000 3.00 1.00 0.15
0.000272 0.000000 4.00 0.00 0.15
0.000353 0.000000 4.00 1.00 0.15
0.000209 0.000000 1.00 0.00 0.25
0.000259 0.000000 1.00 1.00 0.25
0.000222 0.000000 2.00 0.00 0.25
0.000291 0.000000 2.00 1.00 0.25
0.000224 0.000000 3.00 0.00 0.25
0.000302 0.000000 3.00 1.00 0.25
0.000224 0.000000 4.00 0.00 0.25
0.000306 0.000000 4.00 1.00 0.25
0.000163 0.000000 1.00 0.00 0.35
0.000202 0.000000 1.00 1.00 0.35
0.000173 0.000000 2.00 0.00 0.35
0.000224 0.000000 2.00 1.00 0.35
0.000174 0.000000 3.00 0.00 0.35
0.000232 0.000000 3.00 1.00 0.35
0.000175 0.000000 4.00 0.00 0.35
0.000235 0.000000 4.00 1.00 0.35
