0.000276 0.000000 1.00 0.00 0.00 1.00
0.000384 0.000000 1.00 1.00 0.00 1.00
0.000277 0.000000 2.00 0.00 0.00 1.00
0.000381 0.000000 2.00 1.00 0.00 1.00
0.000277 0.000000 3.00 0.00 0.00 1.00
0.000379 0.000000 3.00 1.00 0.00 1.00
0.000277 0.000000 4.00 0.00 0.00 1.00
0.000378 0.000000 4.00 1.00 0.00 1.00
0.000277 0.000000 1.00 0.00 1.00 1.00
0.000384 0.000000 1.00 1.00 1.00 1.00
0.000277 0.000000 2.00 0.00 1.00 1.00
0.000381 0.000000 2.00 1.00 1.00 1.00
0.000277 0.000000 3.00 0.00 1.00 1.00
0.000379 0.000000 3.00 1.00 1.00 1.00
0.000277 0.000000 4.00 0.00 1.00 1.00
0.000378 0.000000 4.00 1.00 1.00 1.00
0.000278 0.000000 1.00 0.00 2.00 1.00
0.000384 0.000000 1.00 1.00 2.00 1.00
0.000278 0.000000 2.00 0.00 2.00 1.00
0.000381 0.000000 2.00 1.00 2.00 1.00
0.000278 0.000000 3.00 0.00 2.00 1.00
0.000379 0.000000 3.00 1.00 2.00 1.00
0.000278 0.000000 4.00 0.00 2.00 1.00
0.000378 0.000000 4.00 1.00 2.00 1.00
0.000263 0.000000 1.00 0.00 0.00 5.00
0.000383 0.000000 1.00 1.00 0.00 5.00
0.000263 0.000000 2.00 0.00 0.00 5.00
0.000380 0.000000 2.00 1.00 0.00 5.00
0.000263 0.000000 3.00 0.00 0.00 5.00
0.000378 0.000000 3.00 1.00 0.00 5.00
0.000263 0.000000 4.00 0.00 0.00 5.00
0.000377 0.000000 4.00 1.00 0.00 5.00
0.000258 0.000000 1.00 0.00 0.00 15.00
0.000376 0.000000 1.00 1.00 0.00 15.00
0.000260 0.000000 2.00 0.00 0.00 15.00
0.000377 0.000000 2.00 1.00 0.00 15.00
0.000260 0.000000 3.00 0.00 0.00 15.00
0.000376 0.000000 3.00 1.00 0.00 15.00
0.000260 0.000000 4.00 0.00 0.00 15.00
0.000376 0.000000 4.00 1.00 0.00 15.00
0.000253 0.000000 1.00 0.00 0.00 25.00
0.000365 0.000000 1.00 1.00 0.00 25.00
0.000256 0.000000 2.00 0.00 0.00 25.00
0.000372 0.000000 2.00 1.00 0.00 25.00
0.000256 0.000000 3.00 0.00 0.00 25.00
0.000373 0.000000 3.00 1.00 0.00 25.00
0.000257 0.000000 4.00 0.00 0.00 25.00
0.000374 0.000000 4.00 1.00 0.00 25.00
0.000245 0.000000 1.00 0.00 0.00 35.00
0.000352 0.000000 1.00 1.00 0.00 35.00
0.000250 0.000000 2.00 0.00 0.00 35.00
0.000365 0.000000 2.00 1.00 0.00 35.00
0.000250 0.000000 3.00 0.00 0.00 35.00
0.000369 0.000000 3.00 1.00 0.00 35.00
0.000250 0.000000 4.00 0.00 0.00 35.00
0.000370 0.000000 4.00 1.00 0.00 35.00
