0.000385 0.000000 1.00 0.50 5.00
0.000384 0.000000 1.00 0.70 5.00
0.000382 0.000000 1.00 1.00 5.00
0.000381 0.000000 1.00 1.30 5.00
0.000380 0.000000 1.00 1.50 5.00
0.000379 0.000000 1.00 1.70 5.00
0.000379 0.000000 1.00 2.00 5.00
0.000388 0.000000 2.00 0.50 5.00
0.000387 0.000000 2.00 0.70 5.00
0.000384 0.000000 2.00 1.00 5.00
0.000382 0.000000 2.00 1.30 5.00
0.000381 0.000000 2.00 1.50 5.00
0.000380 0.000000 2.00 1.70 5.00
0.000379 0.000000 2.00 2.00 5.00
0.000389 0.000000 3.00 0.50 5.00
0.000389 0.000000 3.00 0.70 5.00
0.000386 0.000000 3.00 1.00 5.00
0.000383 0.000000 3.00 1.30 5.00
0.000381 0.000000 3.00 1.50 5.00
0.000380 0.000000 3.00 1.70 5.00
0.000379 0.000000 3.00 2.00 5.00
0.000390 0.000000 4.00 0.50 5.00
0.000390 0.000000 4.00 0.70 5.00
0.000387 0.000000 4.00 1.00 5.00
0.000384 0.000000 4.00 1.30 5.00
0.000382 0.000000 4.00 1.50 5.00
0.000380 0.000000 4.00 1.70 5.00
0.000379 0.000000 4.00 2.00 5.00
0.000383 0.000000 1.00 0.50 15.00
0.000382 0.000000 1.00 0.70 15.00
0.000380 0.000000 1.00 1.00 15.00
0.000378 0.000000 1.00 1.30 15.00
0.000377 0.000000 1.00 1.50 15.00
0.000377 0.000000 1.00 1.70 15.00
0.000376 0.000000 1.00 2.00 15.00
0.000385 0.000000 2.00 0.50 15.00
0.000385 0.000000 2.00 0.70 15.00
0.000382 0.000000 2.00 1.00 15.00
0.000380 0.000000 2.00 1.30 15.00
0.000378 0.000000 2.00 1.50 15.00
0.000377 0.000000 2.00 1.70 15.00
0.000376 0.000000 2.00 2.00 15.00
0.000387 0.000000 3.00 0.50 15.00
0.000386 0.000000 3.00 0.70 15.00
0.000384 0.000000 3.00 1.00 15.00
0.000380 0.000000 3.00 1.30 15.00
0.000379 0.000000 3.00 1.50 15.00
0.000378 0.000000 3.00 1.70 15.00
0.000376 0.000000 3.00 2.00 15.00
0.000388 0.000000 4.00 0.50 15.00
0.000388 0.000000 4.00 0.70 15.00
0.000385 0.000000 4.00 1.00 15.00
0.000381 0.000000 4.00 1.30 15.00
0.000379 0.000000 4.00 1.50 15.00
0.000378 0.000000 4.00 1.70 15.00
0.000376 0.000000 4.00 2.00 15.00
0.000379 0.000000 1.00 0.50 25.00
0.000378 0.000000 1.00 0.70 25.00
0.000376 0.000000 1.00 1.00 25.00
0.000375 0.000000 1.00 1.30 25.00
0.000374 0.000000 1.00 1.50 25.00
0.000373 0.000000 1.00 1.70 25.00
0.000372 0.000000 1.00 2.00 25.00
0.000382 0.000000 2.00 0.50 25.00
0.000381 0.000000 2.00 0.70 25.00
0.000378 0.000000 2.00 1.00 25.00
0.000376 0.000000 2.00 1.30 25.00
0.000374 0.000000 2.00 1.50 25.00
0.000373 0.000000 2.00 1.70 25.00
0.000372 0.000000 2.00 2.00 25.00
0.000383 0.000000 3.00 0.50 25.00
0.000383 0.000000 3.00 0.70 25.00
0.000380 0.000000 3.00 1.00 25.00
0.000377 0.000000 3.00 1.30 25.00
0.000375 0.000000 3.00 1.50 25.00
0.000374 0.000000 3.00 1.70 25.00
0.000372 0.000000 3.00 2.00 25.00
0.000384 0.000000 4.00 0.50 25.00
0.000384 0.000000 4.00 0.70 25.00
0.000381 0.000000 4.00 1.00 25.00
0.000377 0.000000 4.00 1.30 25.00
0.000375 0.000000 4.00 1.50 25.00
0.000374 0.000000 4.00 1.70 25.00
0.000372 0.000000 4.00 2.00 25.00
0.000375 0.000000 1.00 0.50 35.00
0.000374 0.000000 1.00 0.70 35.00
0.000372 0.000000 1.00 1.00 35.00
0.000371 0.000000 1.00 1.30 35.00
0.000370 0.000000 1.00 1.50 35.00
0.000369 0.000000 1.00 1.70 35.00
0.000368 0.000000 1.00 2.00 35.00
0.000377 0.000000 2.00 0.50 35.00
0.000377 0.000000 2.00 0.70 35.00
0.000374 0.000000 2.00 1.00 35.00
0.000372 0.000000 2.00 1.30 35.00
0.000370 0.000000 2.00 1.50 35.00
0.000369 0.000000 2.00 1.70 35.00
0.000368 0.000000 2.00 2.00 35.00
0.000378 0.000000 3.00 0.50 35.00
0.000378 0.000000 3.00 0.70 35.00
0.000375 0.000000 3.00 1.00 35.00
0.000372 0.000000 3.00 1.30 35.00
0.000370 0.000000 3.00 1.50 35.00
0.000369 0.000000 3.00 1.70 35.00
0.000368 0.000000 3.00 2.00 35.00
0.000379 0.000000 4.00 0.50 35.00
0.000379 0.000000 4.00 0.70 35.00
0.000376 0.000000 4.00 1.00 35.00
0.000373 0.000000 4.00 1.30 35.00
0.000371 0.000000 4.00 1.50 35.00
0.000369 0.000000 4.00 1.70 35.00
0.000368 0.000000 4.00 2.00 35.00
0.000385 0.000000 1.00 0.50 2.50
0.000384 0.000000 1.00 0.70 2.50
0.000382 0.000000 1.00 1.00 2.50
0.000381 0.000000 1.00 1.30 2.50
0.000380 0.000000 1.00 1.50 2.50
0.000380 0.000000 1.00 1.70 2.50
0.000379 0.000000 1.00 2.00 2.50
0.000388 0.000000 2.00 0.50 2.50
0.000387 0.000000 2.00 0.70 2.50
0.000384 0.000000 2.00 1.00 2.50
0.000382 0.000000 2.00 1.30 2.50
0.000381 0.000000 2.00 1.50 2.50
0.000380 0.000000 2.00 1.70 2.50
0.000380 0.000000 2.00 2.00 2.50
0.000389 0.000000 3.00 0.50 2.50
0.000389 0.000000 3.00 0.70 2.50
0.000386 0.000000 3.00 1.00 2.50
0.000383 0.000000 3.00 1.30 2.50
0.000382 0.000000 3.00 1.50 2.50
0.000381 0.000000 3.00 1.70 2.50
0.000380 0.000000 3.00 2.00 2.50
0.000390 0.000000 4.00 0.50 2.50
0.000390 0.000000 4.00 0.70 2.50
0.000387 0.000000 4.00 1.00 2.50
0.000384 0.000000 4.00 1.30 2.50
0.000382 0.000000 4.00 1.50 2.50
0.000381 0.000000 4.00 1.70 2.50
0.000380 0.000000 4.00 2.00 2.50
0.000385 0.000000 1.00 0.50 7.50
0.000384 0.000000 1.00 0.70 7.50
0.000382 0.000000 1.00 1.00 7.50
0.000380 0.000000 1.00 1.30 7.50
0.000380 0.000000 1.00 1.50 7.50
0.000379 0.000000 1.00 1.70 7.50
0.000378 0.000000 1.00 2.00 7.50
0.000387 0.000000 2.00 0.50 7.50
0.000386 0.000000 2.00 0.70 7.50
0.000384 0.000000 2.00 1.00 7.50
0.000382 0.000000 2.00 1.30 7.50
0.000380 0.000000 2.00 1.50 7.50
0.000380 0.000000 2.00 1.70 7.50
0.000379 0.000000 2.00 2.00 7.50
0.000389 0.000000 3.00 0.50 7.50
0.000388 0.000000 3.00 0.70 7.50
0.000385 0.000000 3.00 1.00 7.50
0.000382 0.000000 3.00 1.30 7.50
0.000381 0.000000 3.00 1.50 7.50
0.000380 0.000000 3.00 1.70 7.50
0.000379 0.000000 3.00 2.00 7.50
0.000390 0.000000 4.00 0.50 7.50
0.000390 0.000000 4.00 0.70 7.50
0.000387 0.000000 4.00 1.00 7.50
0.000383 0.000000 4.00 1.30 7.50
0.000381 0.000000 4.00 1.50 7.50
0.000380 0.000000 4.00 1.70 7.50
0.000379 0.000000 4.00 2.00 7.50
0.000384 0.000000 1.00 0.50 10.00
0.000383 0.000000 1.00 0.70 10.00
0.000381 0.000000 1.00 1.00 10.00
0.000380 0.000000 1.00 1.30 10.00
0.000379 0.000000 1.00 1.50 10.00
0.000378 0.000000 1.00 1.70 10.00
0.000378 0.000000 1.00 2.00 10.00
0.000387 0.000000 2.00 0.50 10.00
0.000386 0.000000 2.00 0.70 10.00
0.000383 0.000000 2.00 1.00 10.00
0.000381 0.000000 2.00 1.30 10.00
0.000380 0.000000 2.00 1.50 10.00
0.000379 0.000000 2.00 1.70 10.00
0.000378 0.000000 2.00 2.00 10.00
0.000388 0.000000 3.00 0.50 10.00
0.000388 0.000000 3.00 0.70 10.00
0.000385 0.000000 3.00 1.00 10.00
0.000382 0.000000 3.00 1.30 10.00
0.000380 0.000000 3.00 1.50 10.00
0.000379 0.000000 3.00 1.70 10.00
0.000378 0.000000 3.00 2.00 10.00
0.000389 0.000000 4.00 0.50 10.00
0.000389 0.000000 4.00 0.70 10.00
0.000386 0.000000 4.00 1.00 10.00
0.000383 0.000000 4.00 1.30 10.00
0.000381 0.000000 4.00 1.50 10.00
0.000379 0.000000 4.00 1.70 10.00
0.000378 0.000000 4.00 2.00 10.00
0.000381 0.000000 1.00 0.50 20.00
0.000380 0.000000 1.00 0.70 20.00
0.000378 0.000000 1.00 1.00 20.00
0.000377 0.000000 1.00 1.30 20.00
0.000376 0.000000 1.00 1.50 20.00
0.000375 0.000000 1.00 1.70 20.00
0.000374 0.000000 1.00 2.00 20.00
0.000384 0.000000 2.00 0.50 20.00
0.000383 0.000000 2.00 0.70 20.00
0.000380 0.000000 2.00 1.00 20.00
0.000378 0.000000 2.00 1.30 20.00
0.000376 0.000000 2.00 1.50 20.00
0.000376 0.000000 2.00 1.70 20.00
0.000375 0.000000 2.00 2.00 20.00
0.000385 0.000000 3.00 0.50 20.00
0.000385 0.000000 3.00 0.70 20.00
0.000382 0.000000 3.00 1.00 20.00
0.000379 0.000000 3.00 1.30 20.00
0.000377 0.000000 3.00 1.50 20.00
0.000376 0.000000 3.00 1.70 20.00
0.000374 0.000000 3.00 2.00 20.00
0.000386 0.000000 4.00 0.50 20.00
0.000386 0.000000 4.00 0.70 20.00
0.000383 0.000000 4.00 1.00 20.00
0.000379 0.000000 4.00 1.30 20.00
0.000377 0.000000 4.00 1.50 20.00
0.000376 0.000000 4.00 1.70 20.00
0.000374 0.000000 4.00 2.00 20.00
0.000391 0.000000 5.00 0.50 2.50
0.000391 0.000000 5.00 0.70 2.50
0.000388 0.000000 5.00 1.00 2.50
0.000384 0.000000 5.00 1.30 2.50
0.000382 0.000000 5.00 1.50 2.50
0.000381 0.000000 5.00 1.70 2.50
0.000380 0.000000 5.00 2.00 2.50
0.000391 0.000000 5.00 0.50 5.00
0.000391 0.000000 5.00 0.70 5.00
0.000388 0.000000 5.00 1.00 5.00
0.000384 0.000000 5.00 1.30 5.00
0.000382 0.000000 5.00 1.50 5.00
0.000381 0.000000 5.00 1.70 5.00
0.000379 0.000000 5.00 2.00 5.00
0.000390 0.000000 5.00 0.50 7.50
0.000391 0.000000 5.00 0.70 7.50
0.000388 0.000000 5.00 1.00 7.50
0.000384 0.000000 5.00 1.30 7.50
0.000382 0.000000 5.00 1.50 7.50
0.000380 0.000000 5.00 1.70 7.50
0.000379 0.000000 5.00 2.00 7.50
0.000390 0.000000 5.00 0.50 10.00
0.000390 0.000000 5.00 0.70 10.00
0.000388 0.000000 5.00 1.00 10.00
0.000383 0.000000 5.00 1.30 10.00
0.000381 0.000000 5.00 1.50 10.00
0.000380 0.000000 5.00 1.70 10.00
0.000378 0.000000 5.00 2.00 10.00
0.000388 0.000000 5.00 0.50 15.00
0.000389 0.000000 5.00 0.70 15.00
0.000386 0.000000 5.00 1.00 15.00
0.000382 0.000000 5.00 1.30 15.00
0.000380 0.000000 5.00 1.50 15.00
0.000378 0.000000 5.00 1.70 15.00
0.000376 0.000000 5.00 2.00 15.00
0.000387 0.000000 5.00 0.50 20.00
0.000387 0.000000 5.00 0.70 20.00
0.000384 0.000000 5.00 1.00 20.00
0.000380 0.000000 5.00 1.30 20.00
0.000378 0.000000 5.00 1.50 20.00
0.000376 0.000000 5.00 1.70 20.00
0.000374 0.000000 5.00 2.00 20.00
0.000384 0.000000 5.00 0.50 25.00
0.000385 0.000000 5.00 0.70 25.00
0.000382 0.000000 5.00 1.00 25.00
0.000378 0.000000 5.00 1.30 25.00
0.000376 0.000000 5.00 1.50 25.00
0.000374 0.000000 5.00 1.70 25.00
0.000372 0.000000 5.00 2.00 25.00
0.000379 0.000000 5.00 0.50 35.00
0.000380 0.000000 5.00 0.70 35.00
0.000377 0.000000 5.00 1.00 35.00
0.000373 0.000000 5.00 1.30 35.00
0.000371 0.000000 5.00 1.50 35.00
0.000369 0.000000 5.00 1.70 35.00
0.000368 0.000000 5.00 2.00 35.00
