0.000302 0.000000 1.00 0.00 5.00
0.000383 0.000000 1.00 1.00 5.00
0.000304 0.000000 2.00 0.00 5.00
0.000382 0.000000 2.00 1.00 5.00
0.000304 0.000000 3.00 0.00 5.00
0.000381 0.000000 3.00 1.00 5.00
0.000304 0.000000 4.00 0.00 5.00
0.000379 0.000000 4.00 1.00 5.00
0.000291 0.000000 1.00 0.00 15.00
0.000376 0.000000 1.00 1.00 15.00
0.000293 0.000000 2.00 0.00 15.00
0.000376 0.000000 2.00 1.00 15.00
0.000293 0.000000 3.00 0.00 15.00
0.000374 0.000000 3.00 1.00 15.00
0.000293 0.000000 4.00 0.00 15.00
0.000373 0.000000 4.00 1.00 15.00
0.000247 0.000000 1.00 0.00 25.00
0.000370 0.000000 1.00 1.00 25.00
0.000248 0.000000 2.00 0.00 25.00
0.000371 0.000000 2.00 1.00 25.00
0.000249 0.000000 3.00 0.00 25.00
0.000369 0.000000 3.00 1.00 25.00
0.000249 0.000000 4.00 0.00 25.00
0.000367 0.000000 4.00 1.00 25.00
0.000219 0.000000 1.00 0.00 35.00
0.000369 0.000000 1.00 1.00 35.00
0.000222 0.000000 2.00 0.00 35.00
0.000372 0.000000 2.00 1.00 35.00
0.000222 0.000000 3.00 0.00 35.00
0.000371 0.000000 3.00 1.00 35.00
0.000222 0.000000 4.00 0.00 35.00
0.000369 0.000000 4.00 1.00 35.00
