0.000386 0.000000 1.00 0.00 1.00
0.000383 0.000000 2.00 0.00 1.00
0.000381 0.000000 3.00 0.00 1.00
0.000378 0.000000 4.00 0.00 1.00
0.000386 0.000000 1.00 1.00 1.00
0.000383 0.000000 2.00 1.00 1.00
0.000381 0.000000 3.00 1.00 1.00
0.000378 0.000000 4.00 1.00 1.00
0.000386 0.000000 1.00 2.00 1.00
0.000383 0.000000 2.00 2.00 1.00
0.000381 0.000000 3.00 2.00 1.00
0.000378 0.000000 4.00 2.00 1.00
0.000385 0.000000 1.00 0.00 5.00
0.000383 0.000000 2.00 0.00 5.00
0.000381 0.000000 3.00 0.00 5.00
0.000378 0.000000 4.00 0.00 5.00
0.000383 0.000000 1.00 0.00 15.00
0.000384 0.000000 2.00 0.00 15.00
0.000382 0.000000 3.00 0.00 15.00
0.000379 0.000000 4.00 0.00 15.00
0.000379 0.000000 1.00 0.00 25.00
0.000384 0.000000 2.00 0.00 25.00
0.000383 0.000000 3.00 0.00 25.00
0.000381 0.000000 4.00 0.00 25.00
0.000374 0.000000 1.00 0.00 35.00
0.000385 0.000000 2.00 0.00 35.00
0.000385 0.000000 3.00 0.00 35.00
0.000384 0.000000 4.00 0.00 35.00
0.000386 0.000000 1.00 0.00 2.50
0.000383 0.000000 2.00 0.00 2.50
0.000381 0.000000 3.00 0.00 2.50
0.000378 0.000000 4.00 0.00 2.50
0.000385 0.000000 1.00 0.00 7.50
0.000383 0.000000 2.00 0.00 7.50
0.000381 0.000000 3.00 0.00 7.50
0.000379 0.000000 4.00 0.00 7.50
0.000384 0.000000 1.00 0.00 10.00
0.000383 0.000000 2.00 0.00 10.00
0.000381 0.000000 3.00 0.00 10.00
0.000379 0.000000 4.00 0.00 10.00
0.000381 0.000000 1.00 0.00 20.00
0.000384 0.000000 2.00 0.00 20.00
0.000383 0.000000 3.00 0.00 20.00
0.000380 0.000000 4.00 0.00 20.00
