0.000381 0.000000 1.00 5.00
0.000378 0.000000 2.00 5.00
0.000374 0.000000 3.00 5.00
0.000371 0.000000 4.00 5.00
0.000375 0.000000 1.00 15.00
0.000375 0.000000 2.00 15.00
0.000372 0.000000 3.00 15.00
0.000368 0.000000 4.00 15.00
0.000352 0.000000 1.00 25.00
0.000369 0.000000 2.00 25.00
0.000367 0.000000 3.00 25.00
0.000363 0.000000 4.00 25.00
0.000315 0.000000 1.00 35.00
0.000342 0.000000 2.00 35.00
0.000352 0.000000 3.00 35.00
0.000353 0.000000 4.00 35.00
0.000382 0.000000 1.00 2.50
0.000378 0.000000 2.00 2.50
0.000374 0.000000 3.00 2.50
0.000371 0.000000 4.00 2.50
0.000381 0.000000 1.00 7.50
0.000378 0.000000 2.00 7.50
0.000374 0.000000 3.00 7.50
0.000370 0.000000 4.00 7.50
0.000379 0.000000 1.00 10.00
0.000377 0.000000 2.00 10.00
0.000373 0.000000 3.00 10.00
0.000370 0.000000 4.00 10.00
0.000366 0.000000 1.00 20.00
0.000373 0.000000 2.00 20.00
0.000369 0.000000 3.00 20.00
0.000366 0.000000 4.00 20.00
