0.000376 0.000000 0.25 10.00 1.00 5.00
0.000363 0.000000 0.25 10.00 2.00 5.00
0.000362 0.000000 0.25 10.00 3.00 5.00
0.000376 0.000000 0.25 20.00 1.00 5.00
0.000363 0.000000 0.25 20.00 2.00 5.00
0.000363 0.000000 0.25 20.00 3.00 5.00
0.000376 0.000000 0.25 30.00 1.00 5.00
0.000363 0.000000 0.25 30.00 2.00 5.00
0.000363 0.000000 0.25 30.00 3.00 5.00
0.000376 0.000000 0.50 10.00 1.00 5.00
0.000363 0.000000 0.50 10.00 2.00 5.00
0.000363 0.000000 0.50 10.00 3.00 5.00
0.000376 0.000000 0.50 20.00 1.00 5.00
0.000363 0.000000 0.50 20.00 2.00 5.00
0.000363 0.000000 0.50 20.00 3.00 5.00
0.000376 0.000000 0.50 30.00 1.00 5.00
0.000363 0.000000 0.50 30.00 2.00 5.00
0.000363 0.000000 0.50 30.00 3.00 5.00
0.000376 0.000000 0.75 10.00 1.00 5.00
0.000363 0.000000 0.75 10.00 2.00 5.00
0.000363 0.000000 0.75 10.00 3.00 5.00
0.000376 0.000000 0.75 20.00 1.00 5.00
0.000363 0.000000 0.75 20.00 2.00 5.00
0.000363 0.000000 0.75 20.00 3.00 5.00
0.000376 0.000000 0.75 30.00 1.00 5.00
0.000363 0.000000 0.75 30.00 2.00 5.00
0.000363 0.000000 0.75 30.00 3.00 5.00
0.000364 0.000000 0.25 10.00 1.00 15.00
0.000362 0.000000 0.25 10.00 2.00 15.00
0.000362 0.000000 0.25 10.00 3.00 15.00
0.000364 0.000000 0.25 20.00 1.00 15.00
0.000362 0.000000 0.25 20.00 2.00 15.00
0.000362 0.000000 0.25 20.00 3.00 15.00
0.000364 0.000000 0.25 30.00 1.00 15.00
0.000362 0.000000 0.25 30.00 2.00 15.00
0.000362 0.000000 0.25 30.00 3.00 15.00
0.000364 0.000000 0.50 10.00 1.00 15.00
0.000362 0.000000 0.50 10.00 2.00 15.00
0.000362 0.000000 0.50 10.00 3.00 15.00
0.000364 0.000000 0.50 20.00 1.00 15.00
0.000362 0.000000 0.50 20.00 2.00 15.00
0.000362 0.000000 0.50 20.00 3.00 15.00
0.000364 0.000000 0.50 30.00 1.00 15.00
0.000362 0.000000 0.50 30.00 2.00 15.00
0.000362 0.000000 0.50 30.00 3.00 15.00
0.000364 0.000000 0.75 10.00 1.00 15.00
0.000362 0.000000 0.75 10.00 2.00 15.00
0.000362 0.000000 0.75 10.00 3.00 15.00
0.000364 0.000000 0.75 20.00 1.00 15.00
0.000362 0.000000 0.75 20.00 2.00 15.00
0.000362 0.000000 0.75 20.00 3.00 15.00
0.000364 0.000000 0.75 30.00 1.00 15.00
0.000362 0.000000 0.75 30.00 2.00 15.00
0.000362 0.000000 0.75 30.00 3.00 15.00
0.000343 0.000000 0.25 10.00 1.00 25.00
0.000361 0.000000 0.25 10.00 2.00 25.00
0.000360 0.000000 0.25 10.00 3.00 25.00
0.000343 0.000000 0.25 20.00 1.00 25.00
0.000361 0.000000 0.25 20.00 2.00 25.00
0.000361 0.000000 0.25 20.00 3.00 25.00
0.000343 0.000000 0.25 30.00 1.00 25.00
0.000361 0.000000 0.25 30.00 2.00 25.00
0.000361 0.000000 0.25 30.00 3.00 25.00
0.000343 0.000000 0.50 10.00 1.00 25.00
0.000361 0.000000 0.50 10.00 2.00 25.00
0.000361 0.000000 0.50 10.00 3.00 25.00
0.000343 0.000000 0.50 20.00 1.00 25.00
0.000361 0.000000 0.50 20.00 2.00 25.00
0.000361 0.000000 0.50 20.00 3.00 25.00
0.000343 0.000000 0.50 30.00 1.00 25.00
0.000361 0.000000 0.50 30.00 2.00 25.00
0.000361 0.000000 0.50 30.00 3.00 25.00
0.000343 0.000000 0.75 10.00 1.00 25.00
0.000361 0.000000 0.75 10.00 2.00 25.00
0.000361 0.000000 0.75 10.00 3.00 25.00
0.000343 0.000000 0.75 20.00 1.00 25.00
0.000361 0.000000 0.75 20.00 2.00 25.00
0.000361 0.000000 0.75 20.00 3.00 25.00
0.000343 0.000000 0.75 30.00 1.00 25.00
0.000361 0.000000 0.75 30.00 2.00 25.00
0.000361 0.000000 0.75 30.00 3.00 25.00
0.000315 0.000000 0.25 10.00 1.00 35.00
0.000359 0.000000 0.25 10.00 2.00 35.00
0.000358 0.000000 0.25 10.00 3.00 35.00
0.000315 0.000000 0.25 20.00 1.00 35.00
0.000359 0.000000 0.25 20.00 2.00 35.00
0.000359 0.000000 0.25 20.00 3.00 35.00
0.000315 0.000000 0.25 30.00 1.00 35.00
0.000359 0.000000 0.25 30.00 2.00 35.00
0.000359 0.000000 0.25 30.00 3.00 35.00
0.000315 0.000000 0.50 10.00 1.00 35.00
0.000359 0.000000 0.50 10.00 2.00 35.00
0.000359 0.000000 0.50 10.00 3.00 35.00
0.000315 0.000000 0.50 20.00 1.00 35.00
0.000359 0.000000 0.50 20.00 2.00 35.00
0.000359 0.000000 0.50 20.00 3.00 35.00
0.000315 0.000000 0.50 30.00 1.00 35.00
0.000359 0.000000 0.50 30.00 2.00 35.00
0.000359 0.000000 0.50 30.00 3.00 35.00
0.000315 0.000000 0.75 10.00 1.00 35.00
0.000359 0.000000 0.75 10.00 2.00 35.00
0.000359 0.000000 0.75 10.00 3.00 35.00
0.000315 0.000000 0.75 20.00 1.00 35.00
0.000359 0.000000 0.75 20.00 2.00 35.00
0.000359 0.000000 0.75 20.00 3.00 35.00
0.000315 0.000000 0.75 30.00 1.00 35.00
0.000359 0.000000 0.75 30.00 2.00 35.00
0.000359 0.000000 0.75 30.00 3.00 35.00
0.000378 0.000000 0.25 10.00 1.00 2.50
0.000363 0.000000 0.25 10.00 2.00 2.50
0.000362 0.000000 0.25 10.00 3.00 2.50
0.000378 0.000000 0.25 20.00 1.00 2.50
0.000363 0.000000 0.25 20.00 2.00 2.50
0.000363 0.000000 0.25 20.00 3.00 2.50
0.000378 0.000000 0.25 30.00 1.00 2.50
0.000363 0.000000 0.25 30.00 2.00 2.50
0.000363 0.000000 0.25 30.00 3.00 2.50
0.000378 0.000000 0.50 10.00 1.00 2.50
0.000363 0.000000 0.50 10.00 2.00 2.50
0.000363 0.000000 0.50 10.00 3.00 2.50
0.000378 0.000000 0.50 20.00 1.00 2.50
0.000363 0.000000 0.50 20.00 2.00 2.50
0.000363 0.000000 0.50 20.00 3.00 2.50
0.000378 0.000000 0.50 30.00 1.00 2.50
0.000363 0.000000 0.50 30.00 2.00 2.50
0.000363 0.000000 0.50 30.00 3.00 2.50
0.000378 0.000000 0.75 10.00 1.00 2.50
0.000363 0.000000 0.75 10.00 2.00 2.50
0.000363 0.000000 0.75 10.00 3.00 2.50
0.000378 0.000000 0.75 20.00 1.00 2.50
0.000363 0.000000 0.75 20.00 2.00 2.50
0.000363 0.000000 0.75 20.00 3.00 2.50
0.000378 0.000000 0.75 30.00 1.00 2.50
0.000363 0.000000 0.75 30.00 2.00 2.50
0.000363 0.000000 0.75 30.00 3.00 2.50
0.000375 0.000000 0.25 10.00 1.00 7.50
0.000363 0.000000 0.25 10.00 2.00 7.50
0.000362 0.000000 0.25 10.00 3.00 7.50
0.000375 0.000000 0.25 20.00 1.00 7.50
0.000363 0.000000 0.25 20.00 2.00 7.50
0.000363 0.000000 0.25 20.00 3.00 7.50
0.000375 0.000000 0.25 30.00 1.00 7.50
0.000363 0.000000 0.25 30.00 2.00 7.50
0.000363 0.000000 0.25 30.00 3.00 7.50
0.000375 0.000000 0.50 10.00 1.00 7.50
0.000363 0.000000 0.50 10.00 2.00 7.50
0.000363 0.000000 0.50 10.00 3.00 7.50
0.000375 0.000000 0.50 20.00 1.00 7.50
0.000363 0.000000 0.50 20.00 2.00 7.50
0.000363 0.000000 0.50 20.00 3.00 7.50
0.000375 0.000000 0.50 30.00 1.00 7.50
0.000363 0.000000 0.50 30.00 2.00 7.50
0.000363 0.000000 0.50 30.00 3.00 7.50
0.000375 0.000000 0.75 10.00 1.00 7.50
0.000363 0.000000 0.75 10.00 2.00 7.50
0.000363 0.000000 0.75 10.00 3.00 7.50
0.000375 0.000000 0.75 20.00 1.00 7.50
0.000363 0.000000 0.75 20.00 2.00 7.50
0.000363 0.000000 0.75 20.00 3.00 7.50
0.000375 0.000000 0.75 30.00 1.00 7.50
0.000363 0.000000 0.75 30.00 2.00 7.50
0.000363 0.000000 0.75 30.00 3.00 7.50
0.000372 0.000000 0.25 10.00 1.00 10.00
0.000362 0.000000 0.25 10.00 2.00 10.00
0.000362 0.000000 0.25 10.00 3.00 10.00
0.000372 0.000000 0.25 20.00 1.00 10.00
0.000363 0.000000 0.25 20.00 2.00 10.00
0.000363 0.000000 0.25 20.00 3.00 10.00
0.000372 0.000000 0.25 30.00 1.00 10.00
0.000363 0.000000 0.25 30.00 2.00 10.00
0.000363 0.000000 0.25 30.00 3.00 10.00
0.000372 0.000000 0.50 10.00 1.00 10.00
0.000363 0.000000 0.50 10.00 2.00 10.00
0.000363 0.000000 0.50 10.00 3.00 10.00
0.000372 0.000000 0.50 20.00 1.00 10.00
0.000363 0.000000 0.50 20.00 2.00 10.00
0.000363 0.000000 0.50 20.00 3.00 10.00
0.000372 0.000000 0.50 30.00 1.00 10.00
0.000363 0.000000 0.50 30.00 2.00 10.00
0.000363 0.000000 0.50 30.00 3.00 10.00
0.000372 0.000000 0.75 10.00 1.00 10.00
0.000363 0.000000 0.75 10.00 2.00 10.00
0.000363 0.000000 0.75 10.00 3.00 10.00
0.000372 0.000000 0.75 20.00 1.00 10.00
0.000363 0.000000 0.75 20.00 2.00 10.00
0.000363 0.000000 0.75 20.00 3.00 10.00
0.000372 0.000000 0.75 30.00 1.00 10.00
0.000363 0.000000 0.75 30.00 2.00 10.00
0.000363 0.000000 0.75 30.00 3.00 10.00
0.000355 0.000000 0.25 10.00 1.00 20.00
0.000361 0.000000 0.25 10.00 2.00 20.00
0.000361 0.000000 0.25 10.00 3.00 20.00
0.000355 0.000000 0.25 20.00 1.00 20.00
0.000362 0.000000 0.25 20.00 2.00 20.00
0.000362 0.000000 0.25 20.00 3.00 20.00
0.000355 0.000000 0.25 30.00 1.00 20.00
0.000362 0.000000 0.25 30.00 2.00 20.00
0.000362 0.000000 0.25 30.00 3.00 20.00
0.000355 0.000000 0.50 10.00 1.00 20.00
0.000362 0.000000 0.50 10.00 2.00 20.00
0.000362 0.000000 0.50 10.00 3.00 20.00
0.000355 0.000000 0.50 20.00 1.00 20.00
0.000362 0.000000 0.50 20.00 2.00 20.00
0.000362 0.000000 0.50 20.00 3.00 20.00
0.000355 0.000000 0.50 30.00 1.00 20.00
0.000362 0.000000 0.50 30.00 2.00 20.00
0.000362 0.000000 0.50 30.00 3.00 20.00
0.000355 0.000000 0.75 10.00 1.00 20.00
0.000362 0.000000 0.75 10.00 2.00 20.00
0.000362 0.000000 0.75 10.00 3.00 20.00
0.000355 0.000000 0.75 20.00 1.00 20.00
0.000362 0.000000 0.75 20.00 2.00 20.00
0.000362 0.000000 0.75 20.00 3.00 20.00
0.000355 0.000000 0.75 30.00 1.00 20.00
0.000362 0.000000 0.75 30.00 2.00 20.00
0.000362 0.000000 0.75 30.00 3.00 20.00
