0.000348 0.000000 0.25 10.00 1.00 5.00
0.000366 0.000000 0.25 10.00 2.00 5.00
0.000366 0.000000 0.25 10.00 3.00 5.00
0.000348 0.000000 0.25 20.00 1.00 5.00
0.000367 0.000000 0.25 20.00 2.00 5.00
0.000367 0.000000 0.25 20.00 3.00 5.00
0.000348 0.000000 0.25 30.00 1.00 5.00
0.000367 0.000000 0.25 30.00 2.00 5.00
0.000367 0.000000 0.25 30.00 3.00 5.00
0.000348 0.000000 0.50 10.00 1.00 5.00
0.000367 0.000000 0.50 10.00 2.00 5.00
0.000367 0.000000 0.50 10.00 3.00 5.00
0.000348 0.000000 0.50 20.00 1.00 5.00
0.000367 0.000000 0.50 20.00 2.00 5.00
0.000367 0.000000 0.50 20.00 3.00 5.00
0.000348 0.000000 0.50 30.00 1.00 5.00
0.000367 0.000000 0.50 30.00 2.00 5.00
0.000367 0.000000 0.50 30.00 3.00 5.00
0.000348 0.000000 0.75 10.00 1.00 5.00
0.000367 0.000000 0.75 10.00 2.00 5.00
0.000367 0.000000 0.75 10.00 3.00 5.00
0.000348 0.000000 0.75 20.00 1.00 5.00
0.000367 0.000000 0.75 20.00 2.00 5.00
0.000367 0.000000 0.75 20.00 3.00 5.00
0.000349 0.000000 0.75 30.00 1.00 5.00
0.000367 0.000000 0.75 30.00 2.00 5.00
0.000367 0.000000 0.75 30.00 3.00 5.00
0.000310 0.000000 0.25 10.00 1.00 15.00
0.000373 0.000000 0.25 10.00 2.00 15.00
0.000371 0.000000 0.25 10.00 3.00 15.00
0.000310 0.000000 0.25 20.00 1.00 15.00
0.000373 0.000000 0.25 20.00 2.00 15.00
0.000373 0.000000 0.25 20.00 3.00 15.00
0.000310 0.000000 0.25 30.00 1.00 15.00
0.000374 0.000000 0.25 30.00 2.00 15.00
0.000373 0.000000 0.25 30.00 3.00 15.00
0.000310 0.000000 0.50 10.00 1.00 15.00
0.000373 0.000000 0.50 10.00 2.00 15.00
0.000373 0.000000 0.50 10.00 3.00 15.00
0.000310 0.000000 0.50 20.00 1.00 15.00
0.000374 0.000000 0.50 20.00 2.00 15.00
0.000373 0.000000 0.50 20.00 3.00 15.00
0.000310 0.000000 0.50 30.00 1.00 15.00
0.000374 0.000000 0.50 30.00 2.00 15.00
0.000374 0.000000 0.50 30.00 3.00 15.00
0.000310 0.000000 0.75 10.00 1.00 15.00
0.000374 0.000000 0.75 10.00 2.00 15.00
0.000373 0.000000 0.75 10.00 3.00 15.00
0.000310 0.000000 0.75 20.00 1.00 15.00
0.000374 0.000000 0.75 20.00 2.00 15.00
0.000374 0.000000 0.75 20.00 3.00 15.00
0.000310 0.000000 0.75 30.00 1.00 15.00
0.000374 0.000000 0.75 30.00 2.00 15.00
0.000374 0.000000 0.75 30.00 3.00 15.00
0.000288 0.000000 0.25 10.00 1.00 25.00
0.000376 0.000000 0.25 10.00 2.00 25.00
0.000374 0.000000 0.25 10.00 3.00 25.00
0.000288 0.000000 0.25 20.00 1.00 25.00
0.000377 0.000000 0.25 20.00 2.00 25.00
0.000376 0.000000 0.25 20.00 3.00 25.00
0.000288 0.000000 0.25 30.00 1.00 25.00
0.000377 0.000000 0.25 30.00 2.00 25.00
0.000377 0.000000 0.25 30.00 3.00 25.00
0.000288 0.000000 0.50 10.00 1.00 25.00
0.000377 0.000000 0.50 10.00 2.00 25.00
0.000376 0.000000 0.50 10.00 3.00 25.00
0.000288 0.000000 0.50 20.00 1.00 25.00
0.000377 0.000000 0.50 20.00 2.00 25.00
0.000377 0.000000 0.50 20.00 3.00 25.00
0.000288 0.000000 0.50 30.00 1.00 25.00
0.000377 0.000000 0.50 30.00 2.00 25.00
0.000377 0.000000 0.50 30.00 3.00 25.00
0.000288 0.000000 0.75 10.00 1.00 25.00
0.000377 0.000000 0.75 10.00 2.00 25.00
0.000377 0.000000 0.75 10.00 3.00 25.00
0.000288 0.000000 0.75 20.00 1.00 25.00
0.000377 0.000000 0.75 20.00 2.00 25.00
0.000377 0.000000 0.75 20.00 3.00 25.00
0.000288 0.000000 0.75 30.00 1.00 25.00
0.000377 0.000000 0.75 30.00 2.00 25.00
0.000377 0.000000 0.75 30.00 3.00 25.00
0.000274 0.000000 0.25 10.00 1.00 35.00
0.000376 0.000000 0.25 10.00 2.00 35.00
0.000374 0.000000 0.25 10.00 3.00 35.00
0.000274 0.000000 0.25 20.00 1.00 35.00
0.000377 0.000000 0.25 20.00 2.00 35.00
0.000377 0.000000 0.25 20.00 3.00 35.00
0.000274 0.000000 0.25 30.00 1.00 35.00
0.000378 0.000000 0.25 30.00 2.00 35.00
0.000377 0.000000 0.25 30.00 3.00 35.00
0.000274 0.000000 0.50 10.00 1.00 35.00
0.000377 0.000000 0.50 10.00 2.00 35.00
0.000377 0.000000 0.50 10.00 3.00 35.00
0.000274 0.000000 0.50 20.00 1.00 35.00
0.000378 0.000000 0.50 20.00 2.00 35.00
0.000377 0.000000 0.50 20.00 3.00 35.00
0.000274 0.000000 0.50 30.00 1.00 35.00
0.000378 0.000000 0.50 30.00 2.00 35.00
0.000378 0.000000 0.50 30.00 3.00 35.00
0.000274 0.000000 0.75 10.00 1.00 35.00
0.000378 0.000000 0.75 10.00 2.00 35.00
0.000377 0.000000 0.75 10.00 3.00 35.00
0.000274 0.000000 0.75 20.00 1.00 35.00
0.000378 0.000000 0.75 20.00 2.00 35.00
0.000378 0.000000 0.75 20.00 3.00 35.00
0.000274 0.000000 0.75 30.00 1.00 35.00
0.000378 0.000000 0.75 30.00 2.00 35.00
0.000378 0.000000 0.75 30.00 3.00 35.00
0.000365 0.000000 0.25 10.00 1.00 2.50
0.000364 0.000000 0.25 10.00 2.00 2.50
0.000364 0.000000 0.25 10.00 3.00 2.50
0.000365 0.000000 0.25 20.00 1.00 2.50
0.000365 0.000000 0.25 20.00 2.00 2.50
0.000364 0.000000 0.25 20.00 3.00 2.50
0.000365 0.000000 0.25 30.00 1.00 2.50
0.000365 0.000000 0.25 30.00 2.00 2.50
0.000365 0.000000 0.25 30.00 3.00 2.50
0.000365 0.000000 0.50 10.00 1.00 2.50
0.000365 0.000000 0.50 10.00 2.00 2.50
0.000364 0.000000 0.50 10.00 3.00 2.50
0.000365 0.000000 0.50 20.00 1.00 2.50
0.000365 0.000000 0.50 20.00 2.00 2.50
0.000365 0.000000 0.50 20.00 3.00 2.50
0.000365 0.000000 0.50 30.00 1.00 2.50
0.000365 0.000000 0.50 30.00 2.00 2.50
0.000365 0.000000 0.50 30.00 3.00 2.50
0.000365 0.000000 0.75 10.00 1.00 2.50
0.000365 0.000000 0.75 10.00 2.00 2.50
0.000365 0.000000 0.75 10.00 3.00 2.50
0.000365 0.000000 0.75 20.00 1.00 2.50
0.000365 0.000000 0.75 20.00 2.00 2.50
0.000365 0.000000 0.75 20.00 3.00 2.50
0.000365 0.000000 0.75 30.00 1.00 2.50
0.000365 0.000000 0.75 30.00 2.00 2.50
0.000365 0.000000 0.75 30.00 3.00 2.50
0.000339 0.000000 0.25 10.00 1.00 7.50
0.000368 0.000000 0.25 10.00 2.00 7.50
0.000367 0.000000 0.25 10.00 3.00 7.50
0.000339 0.000000 0.25 20.00 1.00 7.50
0.000368 0.000000 0.25 20.00 2.00 7.50
0.000368 0.000000 0.25 20.00 3.00 7.50
0.000339 0.000000 0.25 30.00 1.00 7.50
0.000369 0.000000 0.25 30.00 2.00 7.50
0.000368 0.000000 0.25 30.00 3.00 7.50
0.000339 0.000000 0.50 10.00 1.00 7.50
0.000368 0.000000 0.50 10.00 2.00 7.50
0.000368 0.000000 0.50 10.00 3.00 7.50
0.000339 0.000000 0.50 20.00 1.00 7.50
0.000369 0.000000 0.50 20.00 2.00 7.50
0.000368 0.000000 0.50 20.00 3.00 7.50
0.000339 0.000000 0.50 30.00 1.00 7.50
0.000369 0.000000 0.50 30.00 2.00 7.50
0.000369 0.000000 0.50 30.00 3.00 7.50
0.000339 0.000000 0.75 10.00 1.00 7.50
0.000369 0.000000 0.75 10.00 2.00 7.50
0.000368 0.000000 0.75 10.00 3.00 7.50
0.000339 0.000000 0.75 20.00 1.00 7.50
0.000369 0.000000 0.75 20.00 2.00 7.50
0.000369 0.000000 0.75 20.00 3.00 7.50
0.000339 0.000000 0.75 30.00 1.00 7.50
0.000369 0.000000 0.75 30.00 2.00 7.50
0.000369 0.000000 0.75 30.00 3.00 7.50
0.000327 0.000000 0.25 10.00 1.00 10.00
0.000370 0.000000 0.25 10.00 2.00 10.00
0.000369 0.000000 0.25 10.00 3.00 10.00
0.000327 0.000000 0.25 20.00 1.00 10.00
0.000370 0.000000 0.25 20.00 2.00 10.00
0.000370 0.000000 0.25 20.00 3.00 10.00
0.000327 0.000000 0.25 30.00 1.00 10.00
0.000371 0.000000 0.25 30.00 2.00 10.00
0.000370 0.000000 0.25 30.00 3.00 10.00
0.000327 0.000000 0.50 10.00 1.00 10.00
0.000370 0.000000 0.50 10.00 2.00 10.00
0.000370 0.000000 0.50 10.00 3.00 10.00
0.000327 0.000000 0.50 20.00 1.00 10.00
0.000371 0.000000 0.50 20.00 2.00 10.00
0.000370 0.000000 0.50 20.00 3.00 10.00
0.000327 0.000000 0.50 30.00 1.00 10.00
0.000371 0.000000 0.50 30.00 2.00 10.00
0.000371 0.000000 0.50 30.00 3.00 10.00
0.000327 0.000000 0.75 10.00 1.00 10.00
0.000371 0.000000 0.75 10.00 2.00 10.00
0.000370 0.000000 0.75 10.00 3.00 10.00
0.000327 0.000000 0.75 20.00 1.00 10.00
0.000371 0.000000 0.75 20.00 2.00 10.00
0.000371 0.000000 0.75 20.00 3.00 10.00
0.000327 0.000000 0.75 30.00 1.00 10.00
0.000371 0.000000 0.75 30.00 2.00 10.00
0.000371 0.000000 0.75 30.00 3.00 10.00
0.000297 0.000000 0.25 10.00 1.00 20.00
0.000375 0.000000 0.25 10.00 2.00 20.00
0.000373 0.000000 0.25 10.00 3.00 20.00
0.000297 0.000000 0.25 20.00 1.00 20.00
0.000376 0.000000 0.25 20.00 2.00 20.00
0.000375 0.000000 0.25 20.00 3.00 20.00
0.000298 0.000000 0.25 30.00 1.00 20.00
0.000376 0.000000 0.25 30.00 2.00 20.00
0.000375 0.000000 0.25 30.00 3.00 20.00
0.000297 0.000000 0.50 10.00 1.00 20.00
0.000376 0.000000 0.50 10.00 2.00 20.00
0.000375 0.000000 0.50 10.00 3.00 20.00
0.000297 0.000000 0.50 20.00 1.00 20.00
0.000376 0.000000 0.50 20.00 2.00 20.00
0.000376 0.000000 0.50 20.00 3.00 20.00
0.000297 0.000000 0.50 30.00 1.00 20.00
0.000376 0.000000 0.50 30.00 2.00 20.00
0.000376 0.000000 0.50 30.00 3.00 20.00
0.000298 0.000000 0.75 10.00 1.00 20.00
0.000376 0.000000 0.75 10.00 2.00 20.00
0.000375 0.000000 0.75 10.00 3.00 20.00
0.000297 0.000000 0.75 20.00 1.00 20.00
0.000376 0.000000 0.75 20.00 2.00 20.00
0.000376 0.000000 0.75 20.00 3.00 20.00
0.000298 0.000000 0.75 30.00 1.00 20.00
0.000376 0.000000 0.75 30.00 2.00 20.00
0.000376 0.000000 0.75 30.00 3.00 20.00
0.000343 0.000000 0.25 10.00 4.00 2.50
0.000344 0.000000 0.25 20.00 4.00 2.50
0.000344 0.000000 0.25 30.00 4.00 2.50
0.000344 0.000000 0.50 10.00 4.00 2.50
0.000344 0.000000 0.50 20.00 4.00 2.50
0.000344 0.000000 0.50 30.00 4.00 2.50
0.000344 0.000000 0.75 10.00 4.00 2.50
0.000344 0.000000 0.75 20.00 4.00 2.50
0.000344 0.000000 0.75 30.00 4.00 2.50
0.000346 0.000000 0.25 10.00 4.00 5.00
0.000347 0.000000 0.25 20.00 4.00 5.00
0.000348 0.000000 0.25 30.00 4.00 5.00
0.000347 0.000000 0.50 10.00 4.00 5.00
0.000348 0.000000 0.50 20.00 4.00 5.00
0.000348 0.000000 0.50 30.00 4.00 5.00
0.000348 0.000000 0.75 10.00 4.00 5.00
0.000348 0.000000 0.75 20.00 4.00 5.00
0.000348 0.000000 0.75 30.00 4.00 5.00
0.000349 0.000000 0.25 10.00 4.00 7.50
0.000350 0.000000 0.25 20.00 4.00 7.50
0.000350 0.000000 0.25 30.00 4.00 7.50
0.000350 0.000000 0.50 10.00 4.00 7.50
0.000350 0.000000 0.50 20.00 4.00 7.50
0.000350 0.000000 0.50 30.00 4.00 7.50
0.000350 0.000000 0.75 10.00 4.00 7.50
0.000350 0.000000 0.75 20.00 4.00 7.50
0.000350 0.000000 0.75 30.00 4.00 7.50
0.000352 0.000000 0.25 10.00 4.00 10.00
0.000353 0.000000 0.25 20.00 4.00 10.00
0.000353 0.000000 0.25 30.00 4.00 10.00
0.000353 0.000000 0.50 10.00 4.00 10.00
0.000353 0.000000 0.50 20.00 4.00 10.00
0.000353 0.000000 0.50 30.00 4.00 10.00
0.000353 0.000000 0.75 10.00 4.00 10.00
0.000353 0.000000 0.75 20.00 4.00 10.00
0.000353 0.000000 0.75 30.00 4.00 10.00
0.000356 0.000000 0.25 10.00 4.00 15.00
0.000357 0.000000 0.25 20.00 4.00 15.00
0.000358 0.000000 0.25 30.00 4.00 15.00
0.000357 0.000000 0.50 10.00 4.00 15.00
0.000358 0.000000 0.50 20.00 4.00 15.00
0.000358 0.000000 0.50 30.00 4.00 15.00
0.000358 0.000000 0.75 10.00 4.00 15.00
0.000358 0.000000 0.75 20.00 4.00 15.00
0.000358 0.000000 0.75 30.00 4.00 15.00
0.000360 0.000000 0.25 10.00 4.00 20.00
0.000361 0.000000 0.25 20.00 4.00 20.00
0.000361 0.000000 0.25 30.00 4.00 20.00
0.000361 0.000000 0.50 10.00 4.00 20.00
0.000362 0.000000 0.50 20.00 4.00 20.00
0.000362 0.000000 0.50 30.00 4.00 20.00
0.000361 0.000000 0.75 10.00 4.00 20.00
0.000362 0.000000 0.75 20.00 4.00 20.00
0.000362 0.000000 0.75 30.00 4.00 20.00
0.000362 0.000000 0.25 10.00 4.00 25.00
0.000364 0.000000 0.25 20.00 4.00 25.00
0.000364 0.000000 0.25 30.00 4.00 25.00
0.000364 0.000000 0.50 10.00 4.00 25.00
0.000364 0.000000 0.50 20.00 4.00 25.00
0.000365 0.000000 0.50 30.00 4.00 25.00
0.000364 0.000000 0.75 10.00 4.00 25.00
0.000365 0.000000 0.75 20.00 4.00 25.00
0.000365 0.000000 0.75 30.00 4.00 25.00
0.000364 0.000000 0.25 10.00 4.00 35.00
0.000366 0.000000 0.25 20.00 4.00 35.00
0.000366 0.000000 0.25 30.00 4.00 35.00
0.000366 0.000000 0.50 10.00 4.00 35.00
0.000367 0.000000 0.50 20.00 4.00 35.00
0.000367 0.000000 0.50 30.00 4.00 35.00
0.000366 0.000000 0.75 10.00 4.00 35.00
0.000367 0.000000 0.75 20.00 4.00 35.00
0.000367 0.000000 0.75 30.00 4.00 35.00
