0.000247 0.000000 0.25 10.00 1.00 0.05
0.000355 0.000000 0.25 10.00 2.00 0.05
0.000354 0.000000 0.25 10.00 3.00 0.05
0.000247 0.000000 0.25 20.00 1.00 0.05
0.000357 0.000000 0.25 20.00 2.00 0.05
0.000356 0.000000 0.25 20.00 3.00 0.05
0.000247 0.000000 0.25 30.00 1.00 0.05
0.000357 0.000000 0.25 30.00 2.00 0.05
0.000357 0.000000 0.25 30.00 3.00 0.05
0.000247 0.000000 0.50 10.00 1.00 0.05
0.000357 0.000000 0.50 10.00 2.00 0.05
0.000356 0.000000 0.50 10.00 3.00 0.05
0.000247 0.000000 0.50 20.00 1.00 0.05
0.000357 0.000000 0.50 20.00 2.00 0.05
0.000357 0.000000 0.50 20.00 3.00 0.05
0.000247 0.000000 0.50 30.00 1.00 0.05
0.000357 0.000000 0.50 30.00 2.00 0.05
0.000357 0.000000 0.50 30.00 3.00 0.05
0.000247 0.000000 0.75 10.00 1.00 0.05
0.000357 0.000000 0.75 10.00 2.00 0.05
0.000357 0.000000 0.75 10.00 3.00 0.05
0.000247 0.000000 0.75 20.00 1.00 0.05
0.000357 0.000000 0.75 20.00 2.00 0.05
0.000357 0.000000 0.75 20.00 3.00 0.05
0.000247 0.000000 0.75 30.00 1.00 0.05
0.000357 0.000000 0.75 30.00 2.00 0.05
0.000357 0.000000 0.75 30.00 3.00 0.05
0.000132 0.000000 0.25 10.00 1.00 0.15
0.000335 0.000000 0.25 10.00 2.00 0.15
0.000332 0.000000 0.25 10.00 3.00 0.15
0.000132 0.000000 0.25 20.00 1.00 0.15
0.000338 0.000000 0.25 20.00 2.00 0.15
0.000337 0.000000 0.25 20.00 3.00 0.15
0.000132 0.000000 0.25 30.00 1.00 0.15
0.000338 0.000000 0.25 30.00 2.00 0.15
0.000338 0.000000 0.25 30.00 3.00 0.15
0.000132 0.000000 0.50 10.00 1.00 0.15
0.000338 0.000000 0.50 10.00 2.00 0.15
0.000337 0.000000 0.50 10.00 3.00 0.15
0.000132 0.000000 0.50 20.00 1.00 0.15
0.000338 0.000000 0.50 20.00 2.00 0.15
0.000338 0.000000 0.50 20.00 3.00 0.15
0.000132 0.000000 0.50 30.00 1.00 0.15
0.000338 0.000000 0.50 30.00 2.00 0.15
0.000338 0.000000 0.50 30.00 3.00 0.15
0.000132 0.000000 0.75 10.00 1.00 0.15
0.000338 0.000000 0.75 10.00 2.00 0.15
0.000338 0.000000 0.75 10.00 3.00 0.15
0.000132 0.000000 0.75 20.00 1.00 0.15
0.000338 0.000000 0.75 20.00 2.00 0.15
0.000338 0.000000 0.75 20.00 3.00 0.15
0.000132 0.000000 0.75 30.00 1.00 0.15
0.000338 0.000000 0.75 30.00 2.00 0.15
0.000338 0.000000 0.75 30.00 3.00 0.15
0.000080 0.000000 0.25 10.00 1.00 0.25
0.000309 0.000000 0.25 10.00 2.00 0.25
0.000303 0.000000 0.25 10.00 3.00 0.25
0.000080 0.000000 0.25 20.00 1.00 0.25
0.000312 0.000000 0.25 20.00 2.00 0.25
0.000311 0.000000 0.25 20.00 3.00 0.25
0.000080 0.000000 0.25 30.00 1.00 0.25
0.000312 0.000000 0.25 30.00 2.00 0.25
0.000312 0.000000 0.25 30.00 3.00 0.25
0.000080 0.000000 0.50 10.00 1.00 0.25
0.000312 0.000000 0.50 10.00 2.00 0.25
0.000311 0.000000 0.50 10.00 3.00 0.25
0.000080 0.000000 0.50 20.00 1.00 0.25
0.000312 0.000000 0.50 20.00 2.00 0.25
0.000312 0.000000 0.50 20.00 3.00 0.25
0.000080 0.000000 0.50 30.00 1.00 0.25
0.000312 0.000000 0.50 30.00 2.00 0.25
0.000312 0.000000 0.50 30.00 3.00 0.25
0.000080 0.000000 0.75 10.00 1.00 0.25
0.000312 0.000000 0.75 10.00 2.00 0.25
0.000312 0.000000 0.75 10.00 3.00 0.25
0.000080 0.000000 0.75 20.00 1.00 0.25
0.000312 0.000000 0.75 20.00 2.00 0.25
0.000312 0.000000 0.75 20.00 3.00 0.25
0.000080 0.000000 0.75 30.00 1.00 0.25
0.000312 0.000000 0.75 30.00 2.00 0.25
0.000312 0.000000 0.75 30.00 3.00 0.25
0.000051 0.000000 0.25 10.00 1.00 0.35
0.000277 0.000000 0.25 10.00 2.00 0.35
0.000269 0.000000 0.25 10.00 3.00 0.35
0.000051 0.000000 0.25 20.00 1.00 0.35
0.000280 0.000000 0.25 20.00 2.00 0.35
0.000278 0.000000 0.25 20.00 3.00 0.35
0.000051 0.000000 0.25 30.00 1.00 0.35
0.000280 0.000000 0.25 30.00 2.00 0.35
0.000279 0.000000 0.25 30.00 3.00 0.35
0.000051 0.000000 0.50 10.00 1.00 0.35
0.000280 0.000000 0.50 10.00 2.00 0.35
0.000278 0.000000 0.50 10.00 3.00 0.35
0.000051 0.000000 0.50 20.00 1.00 0.35
0.000280 0.000000 0.50 20.00 2.00 0.35
0.000280 0.000000 0.50 20.00 3.00 0.35
0.000051 0.000000 0.50 30.00 1.00 0.35
0.000280 0.000000 0.50 30.00 2.00 0.35
0.000280 0.000000 0.50 30.00 3.00 0.35
0.000051 0.000000 0.75 10.00 1.00 0.35
0.000280 0.000000 0.75 10.00 2.00 0.35
0.000279 0.000000 0.75 10.00 3.00 0.35
0.000051 0.000000 0.75 20.00 1.00 0.35
0.000280 0.000000 0.75 20.00 2.00 0.35
0.000280 0.000000 0.75 20.00 3.00 0.35
0.000051 0.000000 0.75 30.00 1.00 0.35
0.000280 0.000000 0.75 30.00 2.00 0.35
0.000280 0.000000 0.75 30.00 3.00 0.35
