0.000388 0.000000 1.00 5.00
0.000388 0.000000 2.00 5.00
0.000386 0.000000 3.00 5.00
0.000383 0.000000 4.00 5.00
0.000393 0.000000 1.00 15.00
0.000395 0.000000 2.00 15.00
0.000393 0.000000 3.00 15.00
0.000389 0.000000 4.00 15.00
0.000395 0.000000 1.00 25.00
0.000399 0.000000 2.00 25.00
0.000396 0.000000 3.00 25.00
0.000391 0.000000 4.00 25.00
0.000393 0.000000 1.00 35.00
0.000397 0.000000 2.00 35.00
0.000393 0.000000 3.00 35.00
0.000388 0.000000 4.00 35.00
0.000387 0.000000 1.00 2.50
0.000385 0.000000 2.00 2.50
0.000383 0.000000 3.00 2.50
0.000380 0.000000 4.00 2.50
0.000390 0.000000 1.00 7.50
0.000390 0.000000 2.00 7.50
0.000387 0.000000 3.00 7.50
0.000384 0.000000 4.00 7.50
0.000391 0.000000 1.00 10.00
0.000392 0.000000 2.00 10.00
0.000390 0.000000 3.00 10.00
0.000387 0.000000 4.00 10.00
0.000394 0.000000 1.00 20.00
0.000398 0.000000 2.00 20.00
0.000395 0.000000 3.00 20.00
0.000391 0.000000 4.00 20.00
