8.134568 11.998100 1.00 5.00
12.290502 24.119980 2.00 5.00
14.821028 31.768740 3.00 5.00
16.697058 37.839058 4.00 5.00
11.079838 11.634510 1.00 15.00
13.489174 25.531750 2.00 15.00
15.883794 33.321323 3.00 15.00
17.709518 39.447094 4.00 15.00
18.682226 17.995394 1.00 25.00
16.176208 27.751005 2.00 25.00
17.971060 37.583534 3.00 25.00
19.756777 43.868027 4.00 25.00
29.608454 53.320000 1.00 35.00
24.152769 29.877972 2.00 35.00
22.745773 39.933071 3.00 35.00
23.478542 51.659534 4.00 35.00
7.801422 11.764210 1.00 2.50
12.140883 24.069656 2.00 2.50
14.706455 31.756737 3.00 2.50
16.594633 37.808273 4.00 2.50
8.448666 12.158853 1.00 7.50
12.445520 24.169928 2.00 7.50
14.954063 31.919008 3.00 7.50
16.823288 37.988617 4.00 7.50
9.149372 12.132759 1.00 10.00
12.755768 24.523670 2.00 10.00
15.230008 32.302341 3.00 10.00
17.088377 38.433670 4.00 10.00
14.338078 12.252843 1.00 20.00
14.524158 26.944168 2.00 20.00
16.778114 34.987038 3.00 20.00
18.580536 41.044830 4.00 20.00
