14.803677 5.270043 1.00 0.00 5.00 0.05
14.896265 5.568605 1.00 0.00 15.00 0.05
14.915540 5.626184 1.00 0.00 25.00 0.05
14.923109 5.644159 1.00 0.00 35.00 0.05
15.006453 16.086967 2.00 0.00 5.00 0.05
15.499037 18.209112 2.00 0.00 15.00 0.05
15.607333 18.634621 2.00 0.00 25.00 0.05
15.654789 18.815409 2.00 0.00 35.00 0.05
15.785897 21.773382 3.00 0.00 5.00 0.05
16.804974 26.281055 3.00 0.00 15.00 0.05
17.035261 27.223110 3.00 0.00 25.00 0.05
17.136137 27.629244 3.00 0.00 35.00 0.05
16.257132 24.279482 4.00 0.00 5.00 0.05
17.864080 31.342854 4.00 0.00 15.00 0.05
18.248199 32.950268 4.00 0.00 25.00 0.05
18.418348 33.654606 4.00 0.00 35.00 0.05
23.670313 5.018087 1.00 0.00 5.00 0.15
23.709862 5.167582 1.00 0.00 15.00 0.15
23.720581 5.194647 1.00 0.00 25.00 0.15
23.724855 5.190449 1.00 0.00 35.00 0.15
20.710155 11.565316 2.00 0.00 5.00 0.15
20.973133 12.979053 2.00 0.00 15.00 0.15
21.043674 13.259117 2.00 0.00 25.00 0.15
21.076178 13.380507 2.00 0.00 35.00 0.15
20.477688 16.103256 3.00 0.00 5.00 0.15
21.082281 19.588343 3.00 0.00 15.00 0.15
21.246172 20.317152 3.00 0.00 25.00 0.15
21.320965 20.631681 3.00 0.00 35.00 0.15
20.588291 18.357780 4.00 0.00 5.00 0.15
21.602791 24.242609 4.00 0.00 15.00 0.15
21.888884 25.580389 4.00 0.00 25.00 0.15
22.019953 26.164101 4.00 0.00 35.00 0.15
31.347988 9.106937 1.00 0.00 5.00 0.25
31.359880 9.182771 1.00 0.00 15.00 0.25
31.365974 9.198102 1.00 0.00 25.00 0.25
31.369551 9.198731 1.00 0.00 35.00 0.25
26.769768 13.563891 2.00 0.00 5.00 0.25
26.895639 14.416412 2.00 0.00 15.00 0.25
26.942589 14.575101 2.00 0.00 25.00 0.25
26.965410 14.645968 2.00 0.00 35.00 0.25
25.963699 16.746973 3.00 0.00 5.00 0.25
26.287239 19.033707 3.00 0.00 15.00 0.25
26.401619 19.509815 3.00 0.00 25.00 0.25
26.455900 19.713102 3.00 0.00 35.00 0.25
25.847445 18.388968 4.00 0.00 5.00 0.25
26.432922 22.455835 4.00 0.00 15.00 0.25
26.638992 23.386135 4.00 0.00 25.00 0.25
26.737202 23.792191 4.00 0.00 35.00 0.25
38.620846 17.030617 1.00 0.00 5.00 0.35
38.617695 17.059216 1.00 0.00 15.00 0.35
38.621658 17.069456 1.00 0.00 25.00 0.35
38.624962 17.082447 1.00 0.00 35.00 0.35
33.068680 21.398788 2.00 0.00 5.00 0.35
33.102665 21.914976 2.00 0.00 15.00 0.35
33.133621 21.997133 2.00 0.00 25.00 0.35
33.149464 22.033562 2.00 0.00 35.00 0.35
31.909834 23.962784 3.00 0.00 5.00 0.35
32.041691 25.399790 3.00 0.00 15.00 0.35
32.120186 25.678539 3.00 0.00 25.00 0.35
32.159550 25.795317 3.00 0.00 35.00 0.35
31.649954 25.213869 4.00 0.00 5.00 0.35
31.933216 27.852531 4.00 0.00 15.00 0.35
32.078480 28.430397 4.00 0.00 25.00 0.35
32.150780 28.679531 4.00 0.00 35.00 0.35
