29.200890 31.381014 1.00 0.00 0.05
18.230968 5.939880 1.00 1.00 0.05
28.912930 32.944576 2.00 0.00 0.05
18.877348 16.679274 2.00 1.00 0.05
28.889927 33.042198 3.00 0.00 0.05
19.938736 22.447329 3.00 1.00 0.05
28.882795 33.053497 4.00 0.00 0.05
20.887207 25.746075 4.00 1.00 0.05
37.282276 12.404278 1.00 0.00 0.15
30.035389 6.421119 1.00 1.00 0.15
35.927738 14.083558 2.00 0.00 0.15
27.687223 12.349399 2.00 1.00 0.15
35.807114 14.214106 3.00 0.00 0.15
27.263575 15.937611 3.00 1.00 0.15
35.782642 14.228045 4.00 0.00 0.15
27.379179 18.405613 4.00 1.00 0.15
47.007687 15.911485 1.00 0.00 0.25
40.133682 12.088434 1.00 1.00 0.25
45.432076 17.726892 2.00 0.00 0.25
37.238350 16.915518 2.00 1.00 0.25
45.272198 17.884645 3.00 0.00 0.25
36.321266 19.051311 3.00 1.00 0.25
45.233154 17.912701 4.00 0.00 0.25
36.093288 20.370790 4.00 1.00 0.25
56.227631 20.733835 1.00 0.00 0.35
50.088600 19.490967 1.00 1.00 0.35
54.903549 22.492207 2.00 0.00 0.35
47.830334 23.749489 2.00 1.00 0.35
54.746910 22.645794 3.00 0.00 0.35
47.001968 25.118652 3.00 1.00 0.35
54.705990 22.691055 4.00 0.00 0.35
46.754189 25.895639 4.00 1.00 0.35
