10.142947 8.907193 1.00 0.00 5.00 5.00
10.291012 9.343517 1.00 0.00 15.00 5.00
10.320881 9.429931 1.00 0.00 25.00 5.00
10.333976 9.467903 1.00 0.00 35.00 5.00
13.516006 18.437342 2.00 0.00 5.00 5.00
14.140985 20.603504 2.00 0.00 15.00 5.00
14.267150 21.053543 2.00 0.00 25.00 5.00
14.321324 21.248281 2.00 0.00 35.00 5.00
15.020280 22.698547 3.00 0.00 5.00 5.00
16.231684 26.972589 3.00 0.00 15.00 5.00
16.484737 27.910582 3.00 0.00 25.00 5.00
16.594156 28.321577 3.00 0.00 35.00 5.00
15.706449 24.563702 4.00 0.00 5.00 5.00
17.561108 31.108160 4.00 0.00 15.00 5.00
17.973970 32.683208 4.00 0.00 25.00 5.00
18.153875 33.385040 4.00 0.00 35.00 5.00
17.402594 4.150546 1.00 0.00 5.00 15.00
17.495468 4.367759 1.00 0.00 15.00 15.00
17.514206 4.411637 1.00 0.00 25.00 15.00
17.522530 4.430744 1.00 0.00 35.00 15.00
19.647898 9.853554 2.00 0.00 5.00 15.00
20.099987 11.312760 2.00 0.00 15.00 15.00
20.192280 11.621117 2.00 0.00 25.00 15.00
20.232109 11.755527 2.00 0.00 35.00 15.00
20.739658 12.921209 3.00 0.00 5.00 15.00
21.657700 16.073410 3.00 0.00 15.00 15.00
21.853018 16.783131 3.00 0.00 25.00 15.00
21.937614 17.095449 3.00 0.00 35.00 15.00
21.253229 14.359431 4.00 0.00 5.00 15.00
22.690563 19.401991 4.00 0.00 15.00 15.00
23.018232 20.650681 4.00 0.00 25.00 15.00
23.161951 21.211765 4.00 0.00 35.00 15.00
26.155979 4.401780 1.00 0.00 5.00 25.00
26.220268 4.503139 1.00 0.00 15.00 25.00
26.233240 4.523571 1.00 0.00 25.00 25.00
26.238945 4.532275 1.00 0.00 35.00 25.00
27.743032 7.348046 2.00 0.00 5.00 25.00
28.075300 8.188095 2.00 0.00 15.00 25.00
28.143616 8.369102 2.00 0.00 25.00 25.00
28.173044 8.447866 2.00 0.00 35.00 25.00
28.549145 9.153301 3.00 0.00 5.00 25.00
29.241632 11.110465 3.00 0.00 15.00 25.00
29.390526 11.564140 3.00 0.00 25.00 25.00
29.455250 11.764683 3.00 0.00 35.00 25.00
28.935713 10.042060 4.00 0.00 5.00 25.00
30.034842 13.295175 4.00 0.00 15.00 25.00
30.289202 14.132739 4.00 0.00 25.00 25.00
30.401375 14.511685 4.00 0.00 35.00 25.00
35.142174 7.478775 1.00 0.00 5.00 35.00
35.190689 7.525787 1.00 0.00 15.00 35.00
35.200459 7.535071 1.00 0.00 25.00 35.00
35.204712 7.539367 1.00 0.00 35.00 35.00
36.350105 8.975601 2.00 0.00 5.00 35.00
36.607494 9.457805 2.00 0.00 15.00 35.00
36.660618 9.562746 2.00 0.00 25.00 35.00
36.683495 9.609181 2.00 0.00 35.00 35.00
36.978394 9.999168 3.00 0.00 5.00 35.00
37.522362 11.190437 3.00 0.00 15.00 35.00
37.639889 11.471807 3.00 0.00 25.00 35.00
37.691051 11.598188 3.00 0.00 35.00 35.00
37.283409 10.518047 4.00 0.00 5.00 35.00
38.154415 12.554090 4.00 0.00 15.00 35.00
38.357479 13.095338 4.00 0.00 25.00 35.00
38.447052 13.341897 4.00 0.00 35.00 35.00
