5.912704 6.203997 1.00 0.50 0.00 1.00
4.878410 4.466783 1.00 0.70 0.00 1.00
3.893359 3.004378 1.00 1.00 0.00 1.00
3.356540 2.205960 1.00 1.30 0.00 1.00
3.145762 1.864063 1.00 1.50 0.00 1.00
3.007836 1.616069 1.00 1.70 0.00 1.00
2.885094 1.360506 1.00 2.00 0.00 1.00
8.074381 9.810055 2.00 0.50 0.00 1.00
6.388205 6.411298 2.00 0.70 0.00 1.00
4.641334 3.585594 2.00 1.00 0.00 1.00
3.619143 2.200478 2.00 1.30 0.00 1.00
3.195621 1.668377 2.00 1.50 0.00 1.00
2.900899 1.308530 2.00 1.70 0.00 1.00
2.611064 0.959633 2.00 2.00 0.00 1.00
9.394753 11.788578 3.00 0.50 0.00 1.00
7.322700 7.296131 3.00 0.70 0.00 1.00
5.065431 3.585511 3.00 1.00 0.00 1.00
3.700187 1.915736 3.00 1.30 0.00 1.00
3.138492 1.345279 3.00 1.50 0.00 1.00
2.754933 0.990491 3.00 1.70 0.00 1.00
2.385752 0.673021 3.00 2.00 0.00 1.00
10.388397 13.339383 4.00 0.50 0.00 1.00
8.052437 8.023669 4.00 0.70 0.00 1.00
5.425712 3.636718 4.00 1.00 0.00 1.00
3.790293 1.755361 4.00 1.30 0.00 1.00
3.119741 1.165420 4.00 1.50 0.00 1.00
2.670785 0.822320 4.00 1.70 0.00 1.00
2.251590 0.533229 4.00 2.00 0.00 1.00
5.920938 6.237196 1.00 0.50 1.00 1.00
4.888320 4.496779 1.00 0.70 1.00 1.00
3.906890 3.025476 1.00 1.00 1.00 1.00
3.371889 2.224332 1.00 1.30 1.00 1.00
3.162337 1.880766 1.00 1.50 1.00 1.00
3.025054 1.630989 1.00 1.70 1.00 1.00
2.902408 1.374941 1.00 2.00 1.00 1.00
8.083616 9.863455 2.00 0.50 1.00 1.00
6.398582 6.456144 2.00 0.70 1.00 1.00
4.652668 3.614275 2.00 1.00 1.00 1.00
3.631132 2.220210 2.00 1.30 1.00 1.00
3.207594 1.684295 2.00 1.50 1.00 1.00
2.912891 1.320516 2.00 1.70 1.00 1.00
2.622196 0.969014 2.00 2.00 1.00 1.00
9.404037 11.850720 3.00 0.50 1.00 1.00
7.333178 7.346961 3.00 0.70 1.00 1.00
5.076033 3.614491 3.00 1.00 1.00 1.00
3.710272 1.930944 3.00 1.30 1.00 1.00
3.147944 1.355001 3.00 1.50 1.00 1.00
2.763598 0.997145 3.00 1.70 1.00 1.00
2.392969 0.676945 3.00 2.00 1.00 1.00
10.396936 13.402266 4.00 0.50 1.00 1.00
8.061700 8.073668 4.00 0.70 1.00 1.00
5.434929 3.662783 4.00 1.00 1.00 1.00
3.798541 1.766673 4.00 1.30 1.00 1.00
3.127088 1.171465 4.00 1.50 1.00 1.00
2.677148 0.825859 4.00 1.70 1.00 1.00
2.256325 0.534930 4.00 2.00 1.00 1.00
6.125288 5.868243 1.00 0.50 2.00 1.00
5.133259 4.133219 1.00 0.70 2.00 1.00
4.206563 2.682043 1.00 1.00 2.00 1.00
3.709468 1.916499 1.00 1.30 2.00 1.00
3.516042 1.598500 1.00 1.50 2.00 1.00
3.389474 1.372675 1.00 1.70 2.00 1.00
3.275402 1.145669 1.00 2.00 2.00 1.00
8.235119 9.536832 2.00 0.50 2.00 1.00
6.587221 6.127250 2.00 0.70 2.00 1.00
4.904225 3.295274 2.00 1.00 2.00 1.00
3.941192 1.932649 2.00 1.30 2.00 1.00
3.549255 1.424314 2.00 1.50 2.00 1.00
3.279848 1.088820 2.00 1.70 2.00 1.00
3.016762 0.774198 2.00 2.00 2.00 1.00
9.532593 11.559745 3.00 0.50 2.00 1.00
7.495422 7.054593 3.00 0.70 2.00 1.00
5.302102 3.330711 3.00 1.00 2.00 1.00
4.006269 1.677888 3.00 1.30 2.00 1.00
3.486187 1.129118 3.00 1.50 2.00 1.00
3.137654 0.798998 3.00 1.70 2.00 1.00
2.808321 0.516349 3.00 2.00 2.00 1.00
10.511736 13.138325 4.00 0.50 2.00 1.00
8.207638 7.809867 4.00 0.70 2.00 1.00
5.643239 3.407825 4.00 1.00 2.00 1.00
4.082869 1.539898 4.00 1.30 2.00 1.00
3.461023 0.970036 4.00 1.50 2.00 1.00
3.054796 0.651477 4.00 1.70 2.00 1.00
2.685716 0.397066 4.00 2.00 2.00 1.00
6.491911 5.817454 1.00 0.50 0.00 5.00
5.670446 3.905364 1.00 0.70 0.00 5.00
5.044057 2.264492 1.00 1.00 0.00 5.00
4.840194 1.431882 1.00 1.30 0.00 5.00
4.811588 1.111306 1.00 1.50 0.00 5.00
4.825534 0.893553 1.00 1.70 0.00 5.00
4.857911 0.701073 1.00 2.00 0.00 5.00
8.490235 9.711192 2.00 0.50 0.00 5.00
6.994489 6.002988 2.00 0.70 0.00 5.00
5.640095 2.848318 2.00 1.00 0.00 5.00
5.074927 1.406713 2.00 1.30 0.00 5.00
4.935353 0.922778 2.00 1.50 0.00 5.00
4.884682 0.634899 2.00 1.70 0.00 5.00
4.881752 0.394779 2.00 2.00 0.00 5.00
9.776142 11.825229 3.00 0.50 0.00 5.00
7.878891 7.004327 3.00 0.70 0.00 5.00
6.015660 2.931558 3.00 1.00 0.00 5.00
5.168050 1.219764 3.00 1.30 0.00 5.00
4.948172 0.718643 3.00 1.50 0.00 5.00
4.865604 0.450661 3.00 1.70 0.00 5.00
4.852884 0.250477 3.00 2.00 0.00 5.00
10.756284 13.446517 4.00 0.50 0.00 5.00
8.581820 7.800961 4.00 0.70 0.00 5.00
6.340117 3.035291 4.00 1.00 0.00 5.00
5.255806 1.122539 4.00 1.30 0.00 5.00
4.966496 0.613800 4.00 1.50 0.00 5.00
4.856818 0.363741 4.00 1.70 0.00 5.00
4.836982 0.191482 4.00 2.00 0.00 5.00
9.077555 4.162755 1.00 0.50 0.00 15.00
9.128611 2.484040 1.00 0.70 0.00 15.00
9.735806 1.273097 1.00 1.00 0.00 15.00
10.437224 0.801040 1.00 1.30 0.00 15.00
10.828773 0.652658 1.00 1.50 0.00 15.00
11.149467 0.564976 1.00 1.70 0.00 15.00
11.558211 0.487277 1.00 2.00 0.00 15.00
10.276495 8.237204 2.00 0.50 0.00 15.00
9.849838 4.247885 2.00 0.70 0.00 15.00
10.284232 1.517126 2.00 1.00 0.00 15.00
11.168121 0.688227 2.00 1.30 0.00 15.00
11.703954 0.492292 2.00 1.50 0.00 15.00
12.144108 0.395990 2.00 1.70 0.00 15.00
12.624703 0.331981 2.00 2.00 0.00 15.00
11.351032 10.587632 3.00 0.50 0.00 15.00
10.528971 5.251269 3.00 0.70 0.00 15.00
10.642578 1.591899 3.00 1.00 0.00 15.00
11.517900 0.615649 3.00 1.30 0.00 15.00
12.112409 0.426218 3.00 1.50 0.00 15.00
12.602520 0.347603 3.00 1.70 0.00 15.00
13.128063 0.302634 3.00 2.00 0.00 15.00
12.234777 12.372641 4.00 0.50 0.00 15.00
11.107965 6.070549 4.00 0.70 0.00 15.00
10.914552 1.686317 4.00 1.00 0.00 15.00
11.716100 0.585555 4.00 1.30 0.00 15.00
12.327973 0.399431 4.00 1.50 0.00 15.00
12.843020 0.330744 4.00 1.70 0.00 15.00
13.391851 0.295893 4.00 2.00 0.00 15.00
12.313137 2.958477 1.00 0.50 0.00 25.00
13.231348 1.777803 1.00 0.70 0.00 25.00
14.929379 1.075889 1.00 1.00 0.00 25.00
16.367905 0.868452 1.00 1.30 0.00 25.00
17.100645 0.825708 1.00 1.50 0.00 25.00
17.688848 0.812712 1.00 1.70 0.00 25.00
18.392353 0.808942 1.00 2.00 0.00 25.00
12.678232 6.425764 2.00 0.50 0.00 25.00
13.557270 2.992036 2.00 0.70 0.00 25.00
15.774370 1.195941 2.00 1.00 0.00 25.00
17.826027 0.839857 2.00 1.30 0.00 25.00
18.855415 0.798116 2.00 1.50 0.00 25.00
19.637388 0.796514 2.00 1.70 0.00 25.00
20.468843 0.814787 2.00 2.00 0.00 25.00
13.484496 8.640463 3.00 0.50 0.00 25.00
14.084598 3.767242 3.00 0.70 0.00 25.00
16.271416 1.260413 3.00 1.00 0.00 25.00
18.546913 0.848506 3.00 1.30 0.00 25.00
19.710382 0.823868 3.00 1.50 0.00 25.00
20.573732 0.834058 3.00 1.70 0.00 25.00
21.441441 0.862933 3.00 2.00 0.00 25.00
14.235464 10.378661 4.00 0.50 0.00 25.00
14.565822 4.433489 4.00 0.70 0.00 25.00
16.595461 1.334023 4.00 1.00 0.00 25.00
18.941778 0.861427 4.00 1.30 0.00 25.00
20.173174 0.845394 4.00 1.50 0.00 25.00
21.079557 0.864492 4.00 1.70 0.00 25.00
21.957966 0.899062 4.00 2.00 0.00 25.00
15.806065 2.212498 1.00 0.50 0.00 35.00
17.535757 1.472220 1.00 0.70 0.00 35.00
20.183401 1.202431 1.00 1.00 0.00 35.00
22.232996 1.237979 1.00 1.30 0.00 35.00
23.263638 1.300860 1.00 1.50 0.00 35.00
24.091520 1.368524 1.00 1.70 0.00 35.00
25.046057 1.452022 1.00 2.00 0.00 35.00
15.477246 4.885181 2.00 0.50 0.00 35.00
17.667366 2.268489 2.00 0.70 0.00 35.00
21.456293 1.340047 2.00 1.00 0.00 35.00
24.443544 1.397983 2.00 1.30 0.00 35.00
25.861975 1.503546 2.00 1.50 0.00 35.00
26.928677 1.601802 2.00 1.70 0.00 35.00
28.048489 1.719725 2.00 2.00 0.00 35.00
16.036816 6.781616 3.00 0.50 0.00 35.00
18.117804 2.849457 3.00 0.70 0.00 35.00
22.157394 1.445303 3.00 1.00 0.00 35.00
25.548628 1.528004 3.00 1.30 0.00 35.00
27.143967 1.666451 3.00 1.50 0.00 35.00
28.291504 1.779293 3.00 1.70 0.00 35.00
29.418629 1.900683 3.00 2.00 0.00 35.00
16.650934 8.333363 4.00 0.50 0.00 35.00
18.536217 3.379542 4.00 0.70 0.00 35.00
22.573389 1.540301 4.00 1.00 0.00 35.00
26.149141 1.608011 4.00 1.30 0.00 35.00
27.841375 1.763641 4.00 1.50 0.00 35.00
29.032269 1.882436 4.00 1.70 0.00 35.00
30.153236 2.005749 4.00 2.00 0.00 35.00
6.008887 6.155245 1.00 0.50 0.00 2.50
5.003639 4.372107 1.00 0.70 0.00 2.50
4.071259 2.853152 1.00 1.00 0.00 2.50
3.590843 2.025523 1.00 1.30 0.00 2.50
3.418036 1.670047 1.00 1.50 0.00 2.50
3.306556 1.424826 1.00 1.70 0.00 2.50
3.220326 1.168506 1.00 2.00 0.00 2.50
8.149286 9.823660 2.00 0.50 0.00 2.50
6.486226 6.363646 2.00 0.70 0.00 2.50
4.787886 3.459503 2.00 1.00 0.00 2.50
3.834133 2.033125 2.00 1.30 0.00 2.50
3.460328 1.490624 2.00 1.50 0.00 2.50
3.213168 1.128979 2.00 1.70 0.00 2.50
2.985235 0.788468 2.00 2.00 0.00 2.50
9.465221 11.825617 3.00 0.50 0.00 2.50
7.414660 7.273974 3.00 0.70 0.00 2.50
5.204540 3.485023 3.00 1.00 0.00 2.50
3.914938 1.773777 3.00 1.30 0.00 2.50
3.413386 1.193333 3.00 1.50 0.00 2.50
3.089932 0.839315 3.00 1.70 0.00 2.50
2.801836 0.532395 3.00 2.00 0.00 2.50
10.456948 13.389929 4.00 0.50 0.00 2.50
8.140657 8.014505 4.00 0.70 0.00 2.50
5.558738 3.549977 4.00 1.00 0.00 2.50
4.003009 1.629499 4.00 1.30 0.00 2.50
3.399986 1.030303 4.00 1.50 0.00 2.50
3.020625 0.689169 4.00 1.70 0.00 2.50
2.696471 0.411749 4.00 2.00 0.00 2.50
6.924415 5.486202 1.00 0.50 0.00 7.50
6.266225 3.551764 1.00 0.70 0.00 7.50
5.891445 1.935271 1.00 1.00 0.00 7.50
5.885370 1.171663 1.00 1.30 0.00 7.50
5.952268 0.894931 1.00 1.50 0.00 7.50
6.037780 0.713534 1.00 1.70 0.00 7.50
6.152557 0.558011 1.00 2.00 0.00 7.50
8.786089 9.503466 2.00 0.50 0.00 7.50
7.461872 5.650233 2.00 0.70 0.00 7.50
6.433286 2.447407 2.00 1.00 0.00 7.50
6.176806 1.108237 2.00 1.30 0.00 7.50
6.196474 0.699557 2.00 1.50 0.00 7.50
6.266458 0.471627 2.00 1.70 0.00 7.50
6.388130 0.291911 2.00 2.00 0.00 7.50
10.038740 11.699414 3.00 0.50 0.00 7.50
8.303702 6.701454 3.00 0.70 0.00 7.50
6.784556 2.551374 3.00 1.00 0.00 7.50
6.299061 0.962150 3.00 1.30 0.00 7.50
6.273008 0.545206 3.00 1.50 0.00 7.50
6.336408 0.337336 3.00 1.70 0.00 7.50
6.469127 0.192078 3.00 2.00 0.00 7.50
11.004705 13.363461 4.00 0.50 0.00 7.50
8.982290 7.526522 4.00 0.70 0.00 7.50
7.085881 2.665045 4.00 1.00 0.00 7.50
6.393782 0.886436 4.00 1.30 0.00 7.50
6.319761 0.467043 4.00 1.50 0.00 7.50
6.371086 0.276139 4.00 1.70 0.00 7.50
6.508499 0.153269 4.00 2.00 0.00 7.50
7.658795 4.979780 1.00 0.50 0.00 10.00
7.262901 3.093071 1.00 0.70 0.00 10.00
7.269638 1.597686 1.00 1.00 0.00 10.00
7.544955 0.949628 1.00 1.30 0.00 10.00
7.743194 0.728605 1.00 1.50 0.00 10.00
7.922498 0.590213 1.00 1.70 0.00 10.00
8.157287 0.469572 1.00 2.00 0.00 10.00
9.287889 9.102304 2.00 0.50 0.00 10.00
8.269192 5.106613 2.00 0.70 0.00 10.00
7.776615 1.985427 2.00 1.00 0.00 10.00
7.971031 0.844057 2.00 1.30 0.00 10.00
8.202945 0.533870 2.00 1.50 0.00 10.00
8.429163 0.370542 2.00 1.70 0.00 10.00
8.701384 0.250164 2.00 2.00 0.00 10.00
10.482457 11.378371 3.00 0.50 0.00 10.00
9.048707 6.166367 3.00 0.70 0.00 10.00
8.113757 2.079386 3.00 1.00 0.00 10.00
8.162095 0.730362 3.00 1.30 0.00 10.00
8.392785 0.421257 3.00 1.50 0.00 10.00
8.637377 0.278951 3.00 1.70 0.00 10.00
8.939154 0.186193 3.00 2.00 0.00 10.00
11.422554 13.095563 4.00 0.50 0.00 10.00
9.689705 7.004177 4.00 0.70 0.00 10.00
8.392950 2.185923 4.00 1.00 0.00 10.00
8.283971 0.675318 4.00 1.30 0.00 10.00
8.494275 0.368828 4.00 1.50 0.00 10.00
8.742877 0.240975 4.00 1.70 0.00 10.00
9.060284 0.164342 4.00 2.00 0.00 10.00
10.645267 3.489826 1.00 0.50 0.00 20.00
11.135800 2.064519 1.00 0.70 0.00 20.00
12.308451 1.121432 1.00 1.00 0.00 20.00
13.399493 0.790186 1.00 1.30 0.00 20.00
13.968470 0.698196 1.00 1.50 0.00 20.00
14.426482 0.649460 1.00 1.70 0.00 20.00
14.990382 0.609385 1.00 2.00 0.00 20.00
11.419168 7.304907 2.00 0.50 0.00 20.00
11.635702 3.532032 2.00 0.70 0.00 20.00
12.983999 1.273459 2.00 1.00 0.00 20.00
14.486337 0.700901 2.00 1.30 0.00 20.00
15.285383 0.588410 2.00 1.50 0.00 20.00
15.903434 0.542513 2.00 1.70 0.00 20.00
16.567726 0.520552 2.00 2.00 0.00 20.00
12.358622 9.643452 3.00 0.50 0.00 20.00
12.226170 4.436075 3.00 0.70 0.00 20.00
13.393771 1.342081 3.00 1.00 0.00 20.00
15.009622 0.670014 3.00 1.30 0.00 20.00
15.909368 0.568398 3.00 1.50 0.00 20.00
16.600874 0.536275 3.00 1.70 0.00 20.00
17.308958 0.528347 3.00 2.00 0.00 20.00
13.175973 11.444175 4.00 0.50 0.00 20.00
12.748570 5.194252 4.00 0.70 0.00 20.00
13.679348 1.425059 4.00 1.00 0.00 20.00
15.297064 0.661882 4.00 1.30 0.00 20.00
16.242613 0.565597 4.00 1.50 0.00 20.00
16.970207 0.541891 4.00 1.70 0.00 20.00
17.698034 0.540584 4.00 2.00 0.00 20.00
