33.500301 66.581085 1.00 0.00 5.00
9.459794 13.042885 1.00 1.00 5.00
33.867832 65.231911 2.00 0.00 5.00
13.712469 24.153399 2.00 1.00 5.00
33.891209 65.159164 3.00 0.00 5.00
15.838720 28.670799 3.00 1.00 5.00
33.890839 65.160721 4.00 0.00 5.00
17.214296 31.232756 4.00 1.00 5.00
34.546444 61.600548 1.00 0.00 15.00
10.370562 10.579121 1.00 1.00 15.00
34.800175 61.289986 2.00 0.00 15.00
13.792759 21.472109 2.00 1.00 15.00
34.812149 61.286777 3.00 0.00 15.00
15.581964 26.082302 3.00 1.00 15.00
34.810070 61.296032 4.00 0.00 15.00
16.775890 28.766630 4.00 1.00 15.00
35.153099 58.629669 1.00 0.00 25.00
11.764548 8.080271 1.00 1.00 25.00
35.284222 58.832851 2.00 0.00 25.00
14.260231 18.415751 2.00 1.00 25.00
35.284824 58.874420 3.00 0.00 25.00
15.750772 23.163254 3.00 1.00 25.00
35.280651 58.890026 4.00 0.00 25.00
16.819288 25.971230 4.00 1.00 25.00
35.825878 55.352257 1.00 0.00 35.00
13.525095 6.150491 1.00 1.00 35.00
35.818340 56.058414 2.00 0.00 35.00
15.120502 15.527072 2.00 1.00 35.00
35.805702 56.150936 3.00 0.00 35.00
16.309938 20.396667 3.00 1.00 35.00
35.798813 56.178036 4.00 0.00 35.00
17.238297 23.423195 4.00 1.00 35.00
