32.849499 2.739693 0.25 10.00 1.00 0.05
19.383970 9.696456 0.25 10.00 2.00 0.05
19.742775 10.036543 0.25 10.00 3.00 0.05
32.849449 2.739744 0.25 20.00 1.00 0.05
18.986916 9.345481 0.25 20.00 2.00 0.05
19.092922 9.522433 0.25 20.00 3.00 0.05
32.849449 2.739744 0.25 30.00 1.00 0.05
18.916752 9.251210 0.25 30.00 2.00 0.05
18.963629 9.345597 0.25 30.00 3.00 0.05
32.849449 2.739744 0.50 10.00 1.00 0.05
18.992849 9.342504 0.50 10.00 2.00 0.05
19.098223 9.527017 0.50 10.00 3.00 0.05
32.849457 2.739740 0.50 20.00 1.00 0.05
18.895561 9.220386 0.50 20.00 2.00 0.05
18.921017 9.276449 0.50 20.00 3.00 0.05
32.849510 2.739650 0.50 30.00 1.00 0.05
18.881105 9.201216 0.50 30.00 2.00 0.05
18.890772 9.228052 0.50 30.00 3.00 0.05
32.849449 2.739744 0.75 10.00 1.00 0.05
18.924944 9.246711 0.75 10.00 2.00 0.05
18.971588 9.350212 0.75 10.00 3.00 0.05
32.849510 2.739650 0.75 20.00 1.00 0.05
18.882439 9.200089 0.75 20.00 2.00 0.05
18.892103 9.228973 0.75 20.00 3.00 0.05
32.849422 2.739735 0.75 30.00 1.00 0.05
18.880983 9.191358 0.75 30.00 2.00 0.05
18.880211 9.201656 0.75 30.00 3.00 0.05
56.721745 8.199005 0.25 10.00 1.00 0.15
26.895981 8.421327 0.25 10.00 2.00 0.15
27.417665 8.370897 0.25 10.00 3.00 0.15
56.721737 8.199019 0.25 20.00 1.00 0.15
26.427496 7.788332 0.25 20.00 2.00 0.15
26.539722 7.825124 0.25 20.00 3.00 0.15
56.721745 8.199017 0.25 30.00 1.00 0.15
26.361938 7.654421 0.25 30.00 2.00 0.15
26.405519 7.692585 0.25 30.00 3.00 0.15
56.721737 8.199019 0.50 10.00 1.00 0.15
26.436670 7.786008 0.50 10.00 2.00 0.15
26.545872 7.826846 0.50 10.00 3.00 0.15
56.721737 8.199020 0.50 20.00 1.00 0.15
26.344053 7.611855 0.50 20.00 2.00 0.15
26.366035 7.634258 0.50 20.00 3.00 0.15
56.721748 8.198987 0.50 30.00 1.00 0.15
26.330873 7.588259 0.50 30.00 2.00 0.15
26.339882 7.608920 0.50 30.00 3.00 0.15
56.721745 8.199017 0.75 10.00 1.00 0.15
26.374601 7.650644 0.75 10.00 2.00 0.15
26.415073 7.694153 0.75 10.00 3.00 0.15
56.721748 8.198987 0.75 20.00 1.00 0.15
26.333071 7.587603 0.75 20.00 2.00 0.15
26.341637 7.608881 0.75 20.00 3.00 0.15
56.721737 8.199017 0.75 30.00 1.00 0.15
26.331648 7.573999 0.75 30.00 2.00 0.15
26.330286 7.581597 0.75 30.00 3.00 0.15
73.084503 13.207259 0.25 10.00 1.00 0.25
33.811806 11.988874 0.25 10.00 2.00 0.25
34.522797 11.676334 0.25 10.00 3.00 0.25
73.084503 13.207270 0.25 20.00 1.00 0.25
33.379654 10.918152 0.25 20.00 2.00 0.25
33.515236 10.855824 0.25 20.00 3.00 0.25
73.084503 13.207268 0.25 30.00 1.00 0.25
33.334923 10.725268 0.25 30.00 2.00 0.25
33.384289 10.719026 0.25 30.00 3.00 0.25
73.084503 13.207270 0.50 10.00 1.00 0.25
33.389664 10.920035 0.50 10.00 2.00 0.25
33.521866 10.859156 0.50 10.00 3.00 0.25
73.084503 13.207267 0.50 20.00 1.00 0.25
33.325047 10.658582 0.50 20.00 2.00 0.25
33.349552 10.657498 0.50 20.00 3.00 0.25
73.084511 13.207254 0.50 30.00 1.00 0.25
33.317188 10.618356 0.50 30.00 2.00 0.25
33.327404 10.632860 0.50 30.00 3.00 0.25
73.084503 13.207268 0.75 10.00 1.00 0.25
33.348942 10.727145 0.75 10.00 2.00 0.25
33.394352 10.722869 0.75 10.00 3.00 0.25
73.084511 13.207254 0.75 20.00 1.00 0.25
33.319534 10.618605 0.75 20.00 2.00 0.25
33.329201 10.633444 0.75 20.00 3.00 0.25
73.084496 13.207263 0.75 30.00 1.00 0.25
33.319004 10.599379 0.75 30.00 2.00 0.25
33.319324 10.602451 0.75 30.00 3.00 0.25
86.563049 18.799938 0.25 10.00 1.00 0.35
40.519974 19.743444 0.25 10.00 2.00 0.35
41.433746 19.123543 0.25 10.00 3.00 0.35
86.563034 18.799944 0.25 20.00 1.00 0.35
40.163986 18.293985 0.25 20.00 2.00 0.35
40.331486 18.139202 0.25 20.00 3.00 0.35
86.563034 18.799944 0.25 30.00 1.00 0.35
40.144970 18.048769 0.25 30.00 2.00 0.35
40.205097 17.995640 0.25 30.00 3.00 0.35
86.563034 18.799944 0.50 10.00 1.00 0.35
40.173615 18.300060 0.50 10.00 2.00 0.35
40.337784 18.145441 0.50 10.00 3.00 0.35
86.563049 18.799942 0.50 20.00 1.00 0.35
40.144852 17.961611 0.50 20.00 2.00 0.35
40.174713 17.936190 0.50 20.00 3.00 0.35
86.563057 18.799934 0.50 30.00 1.00 0.35
40.143421 17.898335 0.50 30.00 2.00 0.35
40.156151 17.906462 0.50 30.00 3.00 0.35
86.563034 18.799944 0.75 10.00 1.00 0.35
40.158199 18.056112 0.75 10.00 2.00 0.35
40.214615 18.002384 0.75 10.00 3.00 0.35
86.563057 18.799934 0.75 20.00 1.00 0.35
40.145618 17.899647 0.75 20.00 2.00 0.35
40.157791 17.907524 0.75 20.00 3.00 0.35
86.563034 18.799946 0.75 30.00 1.00 0.35
40.146961 17.876446 0.75 30.00 2.00 0.35
40.149506 17.872374 0.75 30.00 3.00 0.35
