8.251174 5.077482 1.00 0.50 5.00
8.458314 4.473688 1.00 0.70 5.00
8.939237 4.776628 1.00 1.00 5.00
9.226673 4.965945 1.00 1.30 5.00
9.340931 5.011756 1.00 1.50 5.00
9.440271 5.072714 1.00 1.70 5.00
9.520383 5.068264 1.00 2.00 5.00
9.852507 8.097074 2.00 0.50 5.00
9.897507 6.116738 2.00 0.70 5.00
10.954638 8.332088 2.00 1.00 5.00
11.814958 10.231756 2.00 1.30 5.00
12.159625 10.763153 2.00 1.50 5.00
12.384109 10.989316 2.00 1.70 5.00
12.600345 11.161215 2.00 2.00 5.00
10.959669 10.050946 3.00 0.50 5.00
10.664302 6.802855 3.00 0.70 5.00
11.723408 9.767550 3.00 1.00 5.00
12.856656 13.184277 3.00 1.30 5.00
13.340621 14.206869 3.00 1.50 5.00
13.650526 14.615583 3.00 1.70 5.00
13.936841 14.943884 3.00 2.00 5.00
11.845150 11.679968 4.00 0.50 5.00
11.262714 7.394325 4.00 0.70 5.00
12.121612 10.217660 4.00 1.00 5.00
13.272345 14.203753 4.00 1.30 5.00
13.792044 15.435929 4.00 1.50 5.00
14.128488 15.975237 4.00 1.70 5.00
14.419746 16.302164 4.00 2.00 5.00
16.080656 17.214239 1.00 0.50 15.00
18.174911 25.969858 1.00 0.70 15.00
20.322729 33.401669 1.00 1.00 15.00
21.353582 35.486935 1.00 1.30 15.00
21.723955 35.873608 1.00 1.50 15.00
21.985952 36.148602 1.00 1.70 15.00
22.192078 36.017036 1.00 2.00 15.00
17.210184 18.268339 2.00 0.50 15.00
19.643171 30.277046 2.00 0.70 15.00
22.567493 43.635868 2.00 1.00 15.00
24.112844 48.282349 2.00 1.30 15.00
24.651804 49.245750 2.00 1.50 15.00
24.976927 49.559704 2.00 1.70 15.00
25.243233 49.584618 2.00 2.00 15.00
18.021887 18.705524 3.00 0.50 15.00
20.248949 30.625038 3.00 0.70 15.00
23.044167 44.448086 3.00 1.00 15.00
24.552637 49.287430 3.00 1.30 15.00
25.068560 50.237030 3.00 1.50 15.00
25.367851 50.609390 3.00 1.70 15.00
25.594309 50.709839 3.00 2.00 15.00
18.641176 18.979244 4.00 0.50 15.00
20.623411 30.277943 4.00 0.70 15.00
23.227217 44.162544 4.00 1.00 15.00
24.669558 49.160866 4.00 1.30 15.00
25.165771 50.178593 4.00 1.50 15.00
25.450356 50.598267 4.00 1.70 15.00
25.655180 50.720970 4.00 2.00 15.00
24.212997 44.602886 1.00 0.50 25.00
26.937567 60.739349 1.00 0.70 25.00
29.499445 72.509308 1.00 1.00 25.00
30.678940 75.548470 1.00 1.30 25.00
31.087124 76.036743 1.00 1.50 25.00
31.352625 76.232491 1.00 1.70 25.00
31.562675 75.963646 1.00 2.00 25.00
25.185419 45.900845 2.00 0.50 25.00
28.121841 65.179588 2.00 0.70 25.00
30.952343 79.838142 2.00 1.00 25.00
32.263493 83.863083 2.00 1.30 25.00
32.693432 84.688438 2.00 1.50 25.00
32.931992 84.812721 2.00 1.70 25.00
33.113594 84.786171 2.00 2.00 25.00
25.774439 45.359364 3.00 0.50 25.00
28.510454 64.626389 3.00 0.70 25.00
31.175718 79.463600 3.00 1.00 25.00
32.419037 83.622452 3.00 1.30 25.00
32.822933 84.591156 3.00 1.50 25.00
33.038414 84.798721 3.00 1.70 25.00
33.191441 84.888298 3.00 2.00 25.00
26.217867 44.634689 4.00 0.50 25.00
28.747488 63.634918 4.00 0.70 25.00
31.264593 78.782074 4.00 1.00 25.00
32.463722 83.305077 4.00 1.30 25.00
32.858040 84.457878 4.00 1.50 25.00
33.066959 84.740051 4.00 1.70 25.00
33.210892 84.900368 4.00 2.00 25.00
31.768539 78.853386 1.00 0.50 35.00
34.444614 97.886818 1.00 0.70 35.00
36.825760 110.635742 1.00 1.00 35.00
37.890221 113.921555 1.00 1.30 35.00
38.241871 114.350304 1.00 1.50 35.00
38.455997 114.405853 1.00 1.70 35.00
38.625126 114.143288 1.00 2.00 35.00
32.544563 79.787872 2.00 0.50 35.00
35.261993 100.471634 2.00 0.70 35.00
37.622257 114.007698 2.00 1.00 35.00
38.642220 117.508263 2.00 1.30 35.00
38.958447 118.123466 2.00 1.50 35.00
39.124557 118.214104 2.00 1.70 35.00
39.244556 118.258896 2.00 2.00 35.00
32.988182 78.453430 3.00 0.50 35.00
35.523983 99.255165 3.00 0.70 35.00
37.738365 113.172676 3.00 1.00 35.00
38.708187 117.123245 3.00 1.30 35.00
39.008194 117.931908 3.00 1.50 35.00
39.162495 118.168419 3.00 1.70 35.00
39.267204 118.354347 3.00 2.00 35.00
33.332848 77.094406 4.00 0.50 35.00
35.697254 97.890800 4.00 0.70 35.00
37.792126 112.371223 4.00 1.00 35.00
38.727924 116.833229 4.00 1.30 35.00
39.021351 117.791290 4.00 1.50 35.00
39.172932 118.144806 4.00 1.70 35.00
39.273525 118.412216 4.00 2.00 35.00
