10.363230 9.563202 1.00 5.00
14.456591 21.737881 2.00 5.00
16.868658 29.367693 3.00 5.00
18.610296 35.205677 4.00 5.00
17.541908 4.478354 1.00 15.00
20.331841 12.093836 2.00 15.00
22.151421 17.895868 3.00 15.00
23.528547 22.677456 4.00 15.00
26.252691 4.554597 1.00 25.00
28.247070 8.647664 2.00 25.00
29.619009 12.281066 3.00 25.00
30.688181 15.509164 4.00 25.00
35.215343 7.549949 1.00 35.00
36.741123 9.726226 2.00 35.00
37.820953 11.923192 3.00 35.00
38.677208 13.997883 4.00 35.00
9.304387 11.689971 1.00 2.50
13.709234 24.227911 2.00 2.50
16.232525 31.884863 3.00 2.50
18.035959 37.717625 4.00 2.50
11.840407 7.615880 1.00 7.50
15.574987 18.875740 2.00 7.50
17.842678 26.257072 3.00 7.50
19.500849 31.978256 4.00 7.50
13.583063 6.137177 1.00 10.00
16.969618 16.194757 2.00 10.00
19.082928 23.139990 3.00 10.00
20.647602 28.628468 4.00 10.00
21.821829 4.079766 1.00 20.00
24.161142 9.682315 2.00 20.00
25.734119 14.312536 3.00 20.00
26.944294 18.282227 4.00 20.00
