7.956549 3.941263 1.00 0.50 5.00
7.199937 2.534584 1.00 0.70 5.00
6.549676 1.470336 1.00 1.00 5.00
6.234424 0.984690 1.00 1.30 5.00
6.123364 0.802934 1.00 1.50 5.00
6.053690 0.683084 1.00 1.70 5.00
5.995893 0.569855 1.00 2.00 5.00
9.705898 7.339122 2.00 0.50 5.00
8.328806 4.271916 2.00 0.70 5.00
7.033584 1.945459 2.00 1.00 5.00
6.378740 0.998851 2.00 1.30 5.00
6.140446 0.697590 2.00 1.50 5.00
5.989445 0.520196 2.00 1.70 5.00
5.854941 0.372981 2.00 2.00 5.00
10.838125 9.381510 3.00 0.50 5.00
9.073221 5.220737 3.00 0.70 5.00
7.317907 2.043051 3.00 1.00 5.00
6.412881 0.865635 3.00 1.30 5.00
6.095881 0.545267 3.00 1.50 5.00
5.904558 0.379831 3.00 1.70 5.00
5.745053 0.260791 3.00 2.00 5.00
11.712111 10.987796 4.00 0.50 5.00
9.673300 5.998825 4.00 0.70 5.00
7.568547 2.156997 4.00 1.00 5.00
6.457008 0.800875 4.00 1.30 5.00
6.076732 0.470778 4.00 1.50 5.00
5.857159 0.316941 4.00 1.70 5.00
5.684481 0.218314 4.00 2.00 5.00
16.191776 2.138749 1.00 0.50 15.00
15.814435 1.670547 1.00 0.70 15.00
15.521502 1.379936 1.00 1.00 15.00
15.398864 1.272596 1.00 1.30 15.00
15.361826 1.238935 1.00 1.50 15.00
15.343554 1.219121 1.00 1.70 15.00
15.330003 1.202503 1.00 2.00 15.00
17.189539 3.624790 2.00 0.50 15.00
16.407887 2.276060 2.00 0.70 15.00
15.754735 1.476280 2.00 1.00 15.00
15.472023 1.243268 2.00 1.30 15.00
15.383348 1.190065 2.00 1.50 15.00
15.333907 1.166852 2.00 1.70 15.00
15.297185 1.156177 2.00 2.00 15.00
17.887470 4.749329 3.00 0.50 15.00
16.822439 2.698957 3.00 0.70 15.00
15.892254 1.492105 3.00 1.00 15.00
15.488411 1.190201 3.00 1.30 15.00
15.368039 1.140876 3.00 1.50 15.00
15.305295 1.129140 3.00 1.70 15.00
15.263213 1.133832 3.00 2.00 15.00
18.450825 5.725295 4.00 0.50 15.00
17.169115 3.081947 4.00 0.70 15.00
16.014822 1.521356 4.00 1.00 15.00
15.507991 1.161641 4.00 1.30 15.00
15.361844 1.116286 4.00 1.50 15.00
15.289642 1.113768 4.00 1.70 15.00
15.244901 1.130318 4.00 2.00 15.00
25.381464 3.584962 1.00 0.50 25.00
25.145432 3.415965 1.00 0.70 25.00
24.970512 3.339161 1.00 1.00 25.00
24.904251 3.329771 1.00 1.30 25.00
24.887310 3.334665 1.00 1.50 25.00
24.881506 3.342874 1.00 1.70 25.00
24.878721 3.355496 1.00 2.00 25.00
26.059486 4.159076 2.00 0.50 25.00
25.546150 3.570665 2.00 0.70 25.00
25.132586 3.294934 2.00 1.00 25.00
24.965317 3.267725 2.00 1.30 25.00
24.917692 3.285359 2.00 1.50 25.00
24.893835 3.308236 2.00 1.70 25.00
24.879587 3.342261 2.00 2.00 25.00
26.544260 4.658541 3.00 0.50 25.00
25.827896 3.695654 3.00 0.70 25.00
25.226696 3.243414 3.00 1.00 25.00
24.980749 3.209772 3.00 1.30 25.00
24.913372 3.243845 3.00 1.50 25.00
24.882051 3.284117 3.00 1.70 25.00
24.865498 3.336723 3.00 2.00 25.00
26.942131 5.120039 4.00 0.50 25.00
26.065638 3.819085 4.00 0.70 25.00
25.309904 3.203964 4.00 1.00 25.00
24.996405 3.167547 4.00 1.30 25.00
24.912834 3.218300 4.00 1.50 25.00
24.875687 3.273602 4.00 1.70 25.00
24.858038 3.342745 4.00 2.00 25.00
34.608597 7.076938 1.00 0.50 35.00
34.443958 7.021316 1.00 0.70 35.00
34.324825 7.034661 1.00 1.00 35.00
34.283306 7.076536 1.00 1.30 35.00
34.274265 7.106341 1.00 1.50 35.00
34.272343 7.133632 1.00 1.70 35.00
34.272911 7.168754 1.00 2.00 35.00
35.128288 7.173748 2.00 0.50 35.00
34.755463 6.916163 2.00 0.70 35.00
34.457672 6.883523 2.00 1.00 35.00
34.340237 6.972615 2.00 1.30 35.00
34.308243 7.041604 2.00 1.50 35.00
34.292980 7.101647 2.00 1.70 35.00
34.284786 7.176814 2.00 2.00 35.00
35.504017 7.305867 3.00 0.50 35.00
34.976131 6.843767 3.00 0.70 35.00
34.535564 6.753039 3.00 1.00 35.00
34.357327 6.886243 3.00 1.30 35.00
34.309845 6.989204 3.00 1.50 35.00
34.288578 7.079484 3.00 1.70 35.00
34.278057 7.184900 3.00 2.00 35.00
35.814091 7.458104 4.00 0.50 35.00
35.162262 6.801723 4.00 0.70 35.00
34.603035 6.652079 4.00 1.00 35.00
34.372715 6.821749 4.00 1.30 35.00
34.312149 6.955067 4.00 1.50 35.00
34.285931 7.070410 4.00 1.70 35.00
34.274155 7.200084 4.00 2.00 35.00
6.523468 5.340120 1.00 0.50 2.50
5.597175 3.648154 1.00 0.70 2.50
4.755408 2.260956 1.00 1.00 2.50
4.321079 1.558625 1.00 1.30 2.50
4.158099 1.277345 1.00 1.50 2.50
4.053010 1.084103 1.00 1.70 2.50
3.962196 0.892491 1.00 2.00 2.50
8.543678 9.031342 2.00 0.50 2.50
6.962798 5.645693 2.00 0.70 2.50
5.386848 2.870171 2.00 1.00 2.50
4.522650 1.585370 2.00 1.30 2.50
4.185427 1.127324 2.00 1.50 2.50
3.960714 0.836268 2.00 1.70 2.50
3.749403 0.574831 2.00 2.00 2.50
9.803035 11.098693 3.00 0.50 2.50
7.829845 6.610461 3.00 0.70 2.50
5.751798 2.940119 3.00 1.00 2.50
4.577780 1.372681 3.00 1.30 2.50
4.129611 0.880292 3.00 1.50 2.50
3.841438 0.597920 3.00 1.70 2.50
3.582286 0.369990 3.00 2.00 2.50
10.759178 12.703656 4.00 0.50 2.50
8.515568 7.393531 4.00 0.70 2.50
6.067713 3.039898 4.00 1.00 2.50
4.643936 1.261514 4.00 1.30 2.50
4.107110 0.750917 4.00 1.50 2.50
3.772993 0.481060 4.00 1.70 2.50
3.486681 0.280849 4.00 2.00 2.50
9.781040 2.960807 1.00 0.50 7.50
9.162616 1.878050 1.00 0.70 7.50
8.651254 1.113615 1.00 1.00 7.50
8.414809 0.788767 1.00 1.30 7.50
8.335123 0.672821 1.00 1.50 7.50
8.287636 0.598462 1.00 1.70 7.50
8.248953 0.529849 1.00 2.00 7.50
11.279571 5.832655 2.00 0.50 7.50
10.097117 3.257045 2.00 0.70 7.50
9.033765 1.449538 2.00 1.00 7.50
8.526632 0.788379 2.00 1.30 7.50
8.350821 0.595236 2.00 1.50 7.50
8.243753 0.487719 2.00 1.70 7.50
8.152718 0.403636 2.00 2.00 7.50
12.278143 7.689202 3.00 0.50 7.50
10.728363 4.080566 3.00 0.70 7.50
9.259721 1.535774 3.00 1.00 7.50
8.551068 0.700503 3.00 1.30 7.50
8.316798 0.497089 3.00 1.50 7.50
8.181777 0.400743 3.00 1.70 7.50
8.075316 0.337971 3.00 2.00 7.50
13.061124 9.184090 4.00 0.50 7.50
11.245528 4.774083 4.00 0.70 7.50
9.460594 1.633021 4.00 1.00 7.50
8.583576 0.658628 4.00 1.30 7.50
8.302482 0.450212 4.00 1.50 7.50
8.147863 0.363427 4.00 1.70 7.50
8.033638 0.315797 4.00 2.00 7.50
11.810472 2.409815 1.00 0.50 10.00
11.294557 1.593122 1.00 0.70 10.00
10.879133 1.043251 1.00 1.00 10.00
10.694433 0.820540 1.00 1.30 10.00
10.634348 0.743752 1.00 1.50 10.00
10.600534 0.695434 1.00 1.70 10.00
10.573569 0.651808 1.00 2.00 10.00
13.104846 4.741126 2.00 0.50 10.00
12.083971 2.651104 2.00 0.70 10.00
11.194654 1.273334 2.00 1.00 10.00
10.787114 0.806902 2.00 1.30 10.00
10.651215 0.678939 2.00 1.50 10.00
10.570818 0.611098 2.00 1.70 10.00
10.505519 0.561335 2.00 2.00 10.00
13.985335 6.344379 3.00 0.50 10.00
12.625174 3.323183 3.00 0.70 10.00
11.380654 1.333316 3.00 1.00 10.00
10.806910 0.737997 3.00 1.30 10.00
10.624972 0.606083 3.00 1.50 10.00
10.523901 0.548825 3.00 1.70 10.00
10.448241 0.516960 3.00 2.00 10.00
14.684556 7.668852 4.00 0.50 10.00
13.073255 3.903351 4.00 0.70 10.00
11.546769 1.404309 4.00 1.00 10.00
10.832799 0.704949 4.00 1.30 10.00
10.613997 0.571574 4.00 1.50 10.00
10.498048 0.523026 4.00 1.70 10.00
10.417564 0.504209 4.00 2.00 10.00
20.753250 2.596631 1.00 0.50 20.00
20.460369 2.317477 1.00 0.70 20.00
20.238863 2.160383 1.00 1.00 20.00
20.150677 2.113555 1.00 1.30 20.00
20.125929 2.103739 1.00 1.50 20.00
20.115316 2.100327 1.00 1.70 20.00
20.108238 2.100359 1.00 2.00 20.00
21.560654 3.538381 2.00 0.50 20.00
20.936777 2.654615 2.00 0.70 20.00
20.427727 2.176340 2.00 1.00 20.00
20.215338 2.065973 2.00 1.30 20.00
20.152119 2.053887 2.00 1.50 20.00
20.118441 2.057418 2.00 1.70 20.00
20.096066 2.071043 2.00 2.00 20.00
22.132950 4.299957 3.00 0.50 20.00
21.270832 2.904036 3.00 0.70 20.00
20.537373 2.157771 3.00 1.00 20.00
20.230345 2.015776 3.00 1.30 20.00
20.143072 2.013461 3.00 1.50 20.00
20.100258 2.030145 3.00 1.70 20.00
20.074621 2.060446 3.00 2.00 20.00
22.599855 4.984982 4.00 0.50 20.00
21.552122 3.140376 4.00 0.70 20.00
20.635330 2.154237 4.00 1.00 20.00
20.247120 1.985553 4.00 1.30 20.00
20.140177 1.993130 4.00 1.50 20.00
20.090170 2.021043 4.00 1.70 20.00
20.063156 2.063604 4.00 2.00 20.00
11.534428 14.026284 5.00 0.50 2.50
9.083084 8.050038 5.00 0.70 2.50
6.346468 3.148053 5.00 1.00 2.50
4.714416 1.197222 5.00 1.30 2.50
4.101634 0.671519 5.00 1.50 2.50
3.729692 0.411784 5.00 1.70 2.50
3.424011 0.231936 5.00 2.00 2.50
12.428265 12.308715 5.00 0.50 5.00
10.177022 6.649927 5.00 0.70 5.00
7.794313 2.269369 5.00 1.00 5.00
6.507575 0.765178 5.00 1.30 5.00
6.073020 0.426604 5.00 1.50 5.00
5.829907 0.281573 5.00 1.70 5.00
5.648304 0.197099 5.00 2.00 5.00
13.710577 10.435566 5.00 0.50 7.50
11.684788 5.364010 5.00 0.70 7.50
9.642121 1.721529 5.00 1.00 7.50
8.620104 0.630191 5.00 1.30 7.50
8.298779 0.419303 5.00 1.50 7.50
8.128640 0.340551 5.00 1.70 7.50
8.010017 0.304044 5.00 2.00 7.50
15.271329 8.802241 5.00 0.50 10.00
13.458973 4.409412 5.00 0.70 10.00
11.700329 1.474737 5.00 1.00 10.00
10.864330 0.687656 5.00 1.30 10.00
10.613246 0.554602 5.00 1.50 10.00
10.485409 0.513354 5.00 1.70 10.00
10.401626 0.503158 5.00 2.00 10.00
18.928919 6.577637 5.00 0.50 15.00
17.469702 3.416455 5.00 0.70 15.00
16.127722 1.543861 5.00 1.00 15.00
15.530730 1.133752 5.00 1.30 15.00
15.362292 1.091662 5.00 1.50 15.00
15.281863 1.096061 5.00 1.70 15.00
15.235424 1.121418 5.00 2.00 15.00
22.993048 5.587627 5.00 0.50 20.00
21.791111 3.339319 5.00 0.70 20.00
20.719294 2.137058 5.00 1.00 20.00
20.260059 1.950085 5.00 1.30 20.00
20.136003 1.967691 5.00 1.50 20.00
20.079872 2.005397 5.00 1.70 20.00
20.051834 2.058442 5.00 2.00 20.00
27.284378 5.529363 5.00 0.50 25.00
26.273748 3.918200 5.00 0.70 25.00
25.387018 3.155308 5.00 1.00 25.00
25.014650 3.123476 5.00 1.30 25.00
24.916880 3.191796 5.00 1.50 25.00
24.874702 3.262543 5.00 1.70 25.00
24.856047 3.346056 5.00 2.00 25.00
36.085331 7.592667 5.00 0.50 35.00
35.328449 6.749269 5.00 0.70 35.00
34.668533 6.535761 5.00 1.00 35.00
34.392185 6.742933 5.00 1.30 35.00
34.320030 6.908638 5.00 1.50 35.00
34.289268 7.048451 5.00 1.70 35.00
34.276260 7.202028 5.00 2.00 35.00
