8.235904 11.742208 1.00 0.05
12.302066 24.087570 2.00 0.05
14.829975 31.794329 3.00 0.05
16.700136 37.934994 4.00 0.05
10.722416 10.994227 1.00 0.15
13.610471 21.882757 2.00 0.15
16.164627 28.046276 3.00 0.15
18.360985 32.388081 4.00 0.15
16.312563 8.561860 1.00 0.25
15.644120 20.360130 2.00 0.25
18.559334 25.067181 3.00 0.25
21.045130 29.114307 4.00 0.25
26.275372 6.482016 1.00 0.35
17.959911 21.109278 2.00 0.35
20.501308 25.696692 3.00 0.35
22.656754 29.683617 4.00 0.35
7.911432 11.665758 1.00 0.03
12.168894 24.162775 2.00 0.03
14.732514 31.866743 3.00 0.03
16.622992 37.933002 4.00 0.03
8.698769 11.532017 1.00 0.07
12.564196 23.549397 2.00 0.07
15.066288 30.907227 3.00 0.07
16.961760 36.663509 4.00 0.07
9.262189 11.478324 1.00 0.10
12.859161 22.937393 2.00 0.10
15.371513 29.953737 3.00 0.10
17.318687 35.322643 4.00 0.10
13.053720 10.177588 1.00 0.20
14.621364 21.013605 2.00 0.20
17.433376 26.155312 3.00 0.20
19.882013 29.925940 4.00 0.20
