10.833096 9.401187 1.00 0.00 5.00 5.00
10.966957 9.797542 1.00 0.00 15.00 5.00
10.994834 9.877103 1.00 0.00 25.00 5.00
11.005557 9.911670 1.00 0.00 35.00 5.00
13.489049 19.342232 2.00 0.00 5.00 5.00
14.094571 21.514648 2.00 0.00 15.00 5.00
14.218431 21.961472 2.00 0.00 25.00 5.00
14.271770 22.154995 2.00 0.00 35.00 5.00
14.873507 23.961323 3.00 0.00 5.00 5.00
16.061670 28.299204 3.00 0.00 15.00 5.00
16.313286 29.237705 3.00 0.00 25.00 5.00
16.422098 29.646616 3.00 0.00 35.00 5.00
15.534214 25.979277 4.00 0.00 5.00 5.00
17.363655 32.649734 4.00 0.00 15.00 5.00
17.775124 34.229156 4.00 0.00 25.00 5.00
17.954967 34.930740 4.00 0.00 35.00 5.00
16.026693 13.108390 1.00 0.00 5.00 15.00
16.117468 13.273626 1.00 0.00 15.00 15.00
16.135841 13.302906 1.00 0.00 25.00 15.00
16.144081 13.315488 1.00 0.00 35.00 15.00
17.380611 17.089794 2.00 0.00 5.00 15.00
17.844852 18.580059 2.00 0.00 15.00 15.00
17.942884 18.896708 2.00 0.00 25.00 15.00
17.985445 19.033312 2.00 0.00 35.00 15.00
18.362846 20.233778 3.00 0.00 5.00 15.00
19.313356 23.563871 3.00 0.00 15.00 15.00
19.520752 24.311491 3.00 0.00 25.00 15.00
19.611166 24.639000 3.00 0.00 35.00 15.00
18.876825 21.789473 4.00 0.00 5.00 15.00
20.374981 27.172419 4.00 0.00 15.00 15.00
20.722467 28.494864 4.00 0.00 25.00 15.00
20.875418 29.085485 4.00 0.00 35.00 15.00
21.730669 26.042219 1.00 0.00 5.00 25.00
21.796926 26.057432 1.00 0.00 15.00 25.00
21.810110 26.050224 1.00 0.00 25.00 25.00
21.816553 26.052807 1.00 0.00 35.00 25.00
22.432522 24.457478 2.00 0.00 5.00 25.00
22.789057 25.168846 2.00 0.00 15.00 25.00
22.865931 25.333834 2.00 0.00 25.00 25.00
22.899492 25.407360 2.00 0.00 35.00 25.00
23.149118 25.521816 3.00 0.00 5.00 25.00
23.901569 27.418858 3.00 0.00 15.00 25.00
24.069111 27.879065 3.00 0.00 25.00 25.00
24.142593 28.085979 3.00 0.00 35.00 25.00
23.552238 26.258884 4.00 0.00 5.00 25.00
24.760693 29.550892 4.00 0.00 15.00 25.00
25.047052 30.432205 4.00 0.00 25.00 25.00
25.173752 30.833897 4.00 0.00 35.00 25.00
27.557266 45.981537 1.00 0.00 5.00 35.00
27.608564 45.909199 1.00 0.00 15.00 35.00
27.619074 45.886452 1.00 0.00 25.00 35.00
27.624016 45.884079 1.00 0.00 35.00 35.00
27.939653 40.535526 2.00 0.00 5.00 35.00
28.222801 40.656910 2.00 0.00 15.00 35.00
28.284645 40.704231 2.00 0.00 25.00 35.00
28.311714 40.727211 2.00 0.00 35.00 35.00
28.492970 39.931175 3.00 0.00 5.00 35.00
29.100771 40.610756 3.00 0.00 15.00 35.00
29.237932 40.823696 3.00 0.00 25.00 35.00
29.298012 40.921871 3.00 0.00 35.00 35.00
28.821203 39.940334 4.00 0.00 5.00 35.00
29.810081 41.351826 4.00 0.00 15.00 35.00
30.047449 41.817295 4.00 0.00 25.00 35.00
30.152782 42.037643 4.00 0.00 35.00 35.00
