8.716351 11.924220 1.00 0.00 5.00 5.00
8.885205 12.405898 1.00 0.00 15.00 5.00
8.919382 12.500402 1.00 0.00 25.00 5.00
8.934461 12.541557 1.00 0.00 35.00 5.00
12.447371 21.874222 2.00 0.00 5.00 5.00
13.119867 24.103409 2.00 0.00 15.00 5.00
13.255133 24.563730 2.00 0.00 25.00 5.00
13.313055 24.763758 2.00 0.00 35.00 5.00
14.062195 26.133213 3.00 0.00 5.00 5.00
15.345695 30.469658 3.00 0.00 15.00 5.00
15.612672 31.421185 3.00 0.00 25.00 5.00
15.727784 31.838041 3.00 0.00 35.00 5.00
14.791908 27.972343 4.00 0.00 5.00 5.00
16.744373 34.578671 4.00 0.00 15.00 5.00
17.176205 36.167122 4.00 0.00 25.00 5.00
17.364086 36.875214 4.00 0.00 35.00 5.00
9.251987 10.662869 1.00 0.00 5.00 15.00
9.409512 11.137491 1.00 0.00 15.00 15.00
9.440510 11.231769 1.00 0.00 25.00 15.00
9.454593 11.271014 1.00 0.00 35.00 15.00
12.616347 21.351589 2.00 0.00 5.00 15.00
13.273635 23.596487 2.00 0.00 15.00 15.00
13.406603 24.058710 2.00 0.00 25.00 15.00
13.463635 24.256969 2.00 0.00 35.00 15.00
14.163717 25.842218 3.00 0.00 5.00 15.00
15.427821 30.213066 3.00 0.00 15.00 15.00
15.691994 31.165874 3.00 0.00 25.00 15.00
15.806129 31.582239 3.00 0.00 35.00 15.00
14.874312 27.758665 4.00 0.00 5.00 15.00
16.802685 34.421646 4.00 0.00 15.00 15.00
17.231239 36.011684 4.00 0.00 25.00 15.00
17.418190 36.717331 4.00 0.00 35.00 15.00
10.167310 9.042512 1.00 0.00 5.00 25.00
10.309021 9.489277 1.00 0.00 15.00 25.00
10.337560 9.577680 1.00 0.00 25.00 25.00
10.349556 9.615758 1.00 0.00 35.00 25.00
12.937527 20.413492 2.00 0.00 5.00 25.00
13.567740 22.673330 2.00 0.00 15.00 25.00
13.696715 23.135334 2.00 0.00 25.00 25.00
13.752276 23.333010 2.00 0.00 35.00 25.00
14.362546 25.257795 3.00 0.00 5.00 25.00
15.590287 29.693598 3.00 0.00 15.00 25.00
15.849622 30.651405 3.00 0.00 25.00 25.00
15.961775 31.068693 3.00 0.00 35.00 25.00
15.036691 27.314058 4.00 0.00 5.00 25.00
16.919310 34.091984 4.00 0.00 15.00 25.00
17.341900 35.691444 4.00 0.00 25.00 25.00
17.526558 36.402477 4.00 0.00 35.00 25.00
11.346186 7.587381 1.00 0.00 5.00 35.00
11.471557 7.991239 1.00 0.00 15.00 35.00
11.497293 8.071144 1.00 0.00 25.00 35.00
11.508348 8.104988 1.00 0.00 35.00 35.00
13.405695 19.283232 2.00 0.00 5.00 35.00
14.000585 21.534157 2.00 0.00 15.00 35.00
14.124221 21.990057 2.00 0.00 25.00 35.00
14.177639 22.185701 2.00 0.00 35.00 35.00
14.667520 24.501890 3.00 0.00 5.00 35.00
15.845168 28.996010 3.00 0.00 15.00 35.00
16.097780 29.955479 3.00 0.00 25.00 35.00
16.207230 30.371143 3.00 0.00 35.00 35.00
15.291232 26.718945 4.00 0.00 5.00 35.00
17.109606 33.615368 4.00 0.00 15.00 35.00
17.523560 35.222076 4.00 0.00 25.00 35.00
17.705189 35.931206 4.00 0.00 35.00 35.00
8.648661 12.105755 1.00 0.00 5.00 2.50
8.819599 12.584702 1.00 0.00 15.00 2.50
8.853981 12.679879 1.00 0.00 25.00 2.50
8.869043 12.721344 1.00 0.00 35.00 2.50
12.427360 21.934589 2.00 0.00 5.00 2.50
13.102067 24.161907 2.00 0.00 15.00 2.50
13.237567 24.622723 2.00 0.00 25.00 2.50
13.295771 24.820478 2.00 0.00 35.00 2.50
14.050207 26.164272 3.00 0.00 5.00 2.50
15.336329 30.495747 3.00 0.00 15.00 2.50
15.603628 31.449604 3.00 0.00 25.00 2.50
15.718785 31.866749 3.00 0.00 35.00 2.50
14.782140 27.993244 4.00 0.00 5.00 2.50
16.737757 34.592331 4.00 0.00 15.00 2.50
17.169998 36.181129 4.00 0.00 25.00 2.50
17.358173 36.888512 4.00 0.00 35.00 2.50
8.787977 11.735766 1.00 0.00 5.00 7.50
8.954899 12.217593 1.00 0.00 15.00 7.50
8.989019 12.310763 1.00 0.00 25.00 7.50
9.004070 12.351209 1.00 0.00 35.00 7.50
12.469488 21.806789 2.00 0.00 5.00 7.50
13.140115 24.038979 2.00 0.00 15.00 7.50
13.274932 24.499990 2.00 0.00 25.00 7.50
13.332864 24.698065 2.00 0.00 35.00 7.50
14.075841 26.098083 3.00 0.00 5.00 7.50
15.356641 30.437473 3.00 0.00 15.00 7.50
15.623208 31.390308 3.00 0.00 25.00 7.50
15.738111 31.807249 3.00 0.00 35.00 7.50
14.803092 27.946447 4.00 0.00 5.00 7.50
16.752354 34.560177 4.00 0.00 15.00 7.50
17.183540 36.148567 4.00 0.00 25.00 7.50
17.371462 36.855118 4.00 0.00 35.00 7.50
8.931127 11.379896 1.00 0.00 5.00 10.00
9.094795 11.861965 1.00 0.00 15.00 10.00
9.127822 11.955125 1.00 0.00 25.00 10.00
9.142765 11.994530 1.00 0.00 35.00 10.00
12.513394 21.664362 2.00 0.00 5.00 10.00
13.179844 23.899473 2.00 0.00 15.00 10.00
13.314192 24.360771 2.00 0.00 25.00 10.00
13.371929 24.559910 2.00 0.00 35.00 10.00
14.101797 26.016846 3.00 0.00 5.00 10.00
15.377485 30.366562 3.00 0.00 15.00 10.00
15.643277 31.319590 3.00 0.00 25.00 10.00
15.757861 31.736029 3.00 0.00 35.00 10.00
14.824044 27.887180 4.00 0.00 5.00 10.00
16.766769 34.518421 4.00 0.00 15.00 10.00
17.197266 36.106720 4.00 0.00 25.00 10.00
17.384815 36.815239 4.00 0.00 35.00 10.00
9.666276 9.873630 1.00 0.00 5.00 20.00
9.816147 10.336459 1.00 0.00 15.00 20.00
9.846033 10.428863 1.00 0.00 25.00 20.00
9.858953 10.468015 1.00 0.00 35.00 20.00
12.755816 20.935484 2.00 0.00 5.00 20.00
13.400904 23.188679 2.00 0.00 15.00 20.00
13.532179 23.650118 2.00 0.00 25.00 20.00
13.588482 23.847759 2.00 0.00 35.00 20.00
14.249674 25.591133 3.00 0.00 5.00 20.00
15.497904 29.989967 3.00 0.00 15.00 20.00
15.760140 30.945974 3.00 0.00 25.00 20.00
15.873444 31.363134 3.00 0.00 35.00 20.00
14.944245 27.573854 4.00 0.00 5.00 20.00
16.852514 34.291641 4.00 0.00 15.00 20.00
17.278503 35.885399 4.00 0.00 25.00 20.00
17.464241 36.595478 4.00 0.00 35.00 20.00
15.077494 28.665937 5.00 0.00 5.00 2.50
17.665014 37.296738 5.00 0.00 15.00 2.50
18.291393 39.632729 5.00 0.00 25.00 2.50
18.568783 40.703304 5.00 0.00 35.00 2.50
15.086626 28.652016 5.00 0.00 5.00 5.00
17.670498 37.290672 5.00 0.00 15.00 5.00
18.296480 39.628033 5.00 0.00 25.00 5.00
18.573708 40.698387 5.00 0.00 35.00 5.00
15.096354 28.629566 5.00 0.00 5.00 7.50
17.676767 37.280163 5.00 0.00 15.00 7.50
18.302008 39.616196 5.00 0.00 25.00 7.50
18.578922 40.686947 5.00 0.00 35.00 7.50
15.115866 28.588133 5.00 0.00 5.00 10.00
17.688858 37.256264 5.00 0.00 15.00 10.00
18.313269 39.593597 5.00 0.00 25.00 10.00
18.589909 40.662998 5.00 0.00 35.00 10.00
15.162837 28.466213 5.00 0.00 5.00 15.00
17.718504 37.187462 5.00 0.00 15.00 15.00
18.340652 39.530510 5.00 0.00 25.00 15.00
18.616606 40.600826 5.00 0.00 35.00 15.00
15.227564 28.306063 5.00 0.00 5.00 20.00
17.759520 37.094322 5.00 0.00 15.00 20.00
18.378590 39.440914 5.00 0.00 25.00 20.00
18.653309 40.512325 5.00 0.00 35.00 20.00
15.314598 28.075506 5.00 0.00 5.00 25.00
17.816582 36.945225 5.00 0.00 15.00 25.00
18.431543 39.300060 5.00 0.00 25.00 25.00
18.704737 40.373028 5.00 0.00 35.00 25.00
15.549605 27.563162 5.00 0.00 5.00 35.00
17.977140 36.601364 5.00 0.00 15.00 35.00
18.581848 38.966110 5.00 0.00 25.00 35.00
18.851309 40.038952 5.00 0.00 35.00 35.00
8.385475 11.377132 1.00 0.00 2.50 2.50
8.734783 12.346515 1.00 0.00 7.50 2.50
8.777053 12.467959 1.00 0.00 10.00 2.50
8.840889 12.645408 1.00 0.00 20.00 2.50
11.446159 18.897337 2.00 0.00 2.50 2.50
12.763647 23.032961 2.00 0.00 7.50 2.50
12.932631 23.595030 2.00 0.00 10.00 2.50
13.186646 24.451563 2.00 0.00 20.00 2.50
12.363572 21.026863 3.00 0.00 2.50 2.50
14.680730 28.240746 3.00 0.00 7.50 2.50
15.005688 29.346628 3.00 0.00 10.00 2.50
15.502918 31.089954 3.00 0.00 20.00 2.50
12.586987 21.490070 4.00 0.00 2.50 2.50
15.712068 31.019865 4.00 0.00 7.50 2.50
16.214197 32.734066 4.00 0.00 10.00 2.50
17.006664 35.576958 4.00 0.00 20.00 2.50
12.624390 21.555941 5.00 0.00 2.50 2.50
16.254038 32.408634 5.00 0.00 7.50 2.50
16.930164 34.692863 5.00 0.00 10.00 2.50
18.052912 38.731537 5.00 0.00 20.00 2.50
8.456111 11.195959 1.00 0.00 2.50 5.00
8.801038 12.170053 1.00 0.00 7.50 5.00
8.842989 12.290661 1.00 0.00 10.00 5.00
8.906446 12.467642 1.00 0.00 20.00 5.00
11.470789 18.831516 2.00 0.00 2.50 5.00
12.782409 22.976490 2.00 0.00 7.50 5.00
12.951008 23.537447 2.00 0.00 10.00 5.00
13.204338 24.395929 2.00 0.00 20.00 5.00
12.381436 20.985415 3.00 0.00 2.50 5.00
14.691216 28.216969 3.00 0.00 7.50 5.00
15.015901 29.324556 3.00 0.00 10.00 5.00
15.512210 31.067991 3.00 0.00 20.00 5.00
12.603759 21.452736 4.00 0.00 2.50 5.00
15.720087 31.007456 4.00 0.00 7.50 5.00
16.221392 32.722721 4.00 0.00 10.00 5.00
17.012991 35.565311 4.00 0.00 20.00 5.00
12.641034 21.520927 5.00 0.00 2.50 5.00
16.261223 32.399429 5.00 0.00 7.50 5.00
16.936377 34.687672 5.00 0.00 10.00 5.00
18.058020 38.726025 5.00 0.00 20.00 5.00
8.530035 11.003351 1.00 0.00 2.50 7.50
8.871123 11.977634 1.00 0.00 7.50 7.50
8.912533 12.098859 1.00 0.00 10.00 7.50
8.975107 12.277157 1.00 0.00 20.00 7.50
11.497076 18.747477 2.00 0.00 2.50 7.50
12.802888 22.903461 2.00 0.00 7.50 7.50
12.970920 23.465775 2.00 0.00 10.00 7.50
13.223834 24.324087 2.00 0.00 20.00 7.50
12.400788 20.925886 3.00 0.00 2.50 7.50
14.702662 28.177263 3.00 0.00 7.50 7.50
15.026607 29.286049 3.00 0.00 10.00 7.50
15.522177 31.031557 3.00 0.00 20.00 7.50
12.621652 21.399538 4.00 0.00 2.50 7.50
15.728761 30.980141 4.00 0.00 7.50 7.50
16.229301 32.697403 4.00 0.00 10.00 7.50
17.020063 35.542690 4.00 0.00 20.00 7.50
12.658766 21.468454 5.00 0.00 2.50 7.50
16.268919 32.380226 5.00 0.00 7.50 7.50
16.943253 34.669064 5.00 0.00 10.00 7.50
18.063757 38.712051 5.00 0.00 20.00 7.50
8.678969 10.651668 1.00 0.00 2.50 10.00
9.012483 11.624792 1.00 0.00 7.50 10.00
9.053239 11.744715 1.00 0.00 10.00 10.00
9.114066 11.923274 1.00 0.00 20.00 10.00
11.550994 18.591200 2.00 0.00 2.50 10.00
12.844823 22.765963 2.00 0.00 7.50 10.00
13.011862 23.327864 2.00 0.00 10.00 10.00
13.263370 24.186831 2.00 0.00 20.00 10.00
12.439866 20.815924 3.00 0.00 2.50 10.00
14.725724 28.103737 3.00 0.00 7.50 10.00
15.048362 29.215008 3.00 0.00 10.00 10.00
15.542558 30.960590 3.00 0.00 20.00 10.00
12.658197 21.300283 4.00 0.00 2.50 10.00
15.746063 30.934221 4.00 0.00 7.50 10.00
16.245258 32.653915 4.00 0.00 10.00 10.00
17.033981 35.502789 4.00 0.00 20.00 10.00
12.694881 21.370998 5.00 0.00 2.50 10.00
16.284073 32.342907 5.00 0.00 7.50 10.00
16.956636 34.637608 5.00 0.00 10.00 10.00
18.075031 38.682556 5.00 0.00 20.00 10.00
9.014950 9.935709 1.00 0.00 2.50 15.00
9.332446 10.899905 1.00 0.00 7.50 15.00
9.371801 11.018467 1.00 0.00 10.00 15.00
9.430356 11.195609 1.00 0.00 20.00 15.00
11.676942 18.234001 2.00 0.00 2.50 15.00
12.943517 22.453072 2.00 0.00 7.50 15.00
13.108377 23.016766 2.00 0.00 10.00 15.00
13.356976 23.877554 2.00 0.00 20.00 15.00
12.532306 20.558149 3.00 0.00 2.50 15.00
14.781931 27.934231 3.00 0.00 7.50 15.00
15.101742 29.049210 3.00 0.00 10.00 15.00
15.592398 30.799358 3.00 0.00 20.00 15.00
12.744206 21.064373 4.00 0.00 2.50 15.00
15.788548 30.820242 4.00 0.00 7.50 15.00
16.284000 32.550758 4.00 0.00 10.00 15.00
17.068548 35.406254 4.00 0.00 20.00 15.00
12.779930 21.139236 5.00 0.00 2.50 15.00
16.321362 32.260155 5.00 0.00 7.50 15.00
16.989700 34.567204 5.00 0.00 10.00 15.00
18.103178 38.627369 5.00 0.00 20.00 15.00
9.447085 9.141454 1.00 0.00 2.50 20.00
9.745873 10.085561 1.00 0.00 7.50 20.00
9.783496 10.201665 1.00 0.00 10.00 20.00
9.839466 10.373529 1.00 0.00 20.00 20.00
11.846990 17.769215 2.00 0.00 2.50 20.00
13.078320 22.034634 2.00 0.00 7.50 20.00
13.240264 22.601465 2.00 0.00 10.00 20.00
13.485241 23.462952 2.00 0.00 20.00 20.00
12.657953 20.216362 3.00 0.00 2.50 20.00
14.858975 27.704205 3.00 0.00 7.50 20.00
15.175021 28.827053 3.00 0.00 10.00 20.00
15.661064 30.583641 3.00 0.00 20.00 20.00
12.861164 20.749634 4.00 0.00 2.50 20.00
15.847298 30.666452 4.00 0.00 7.50 20.00
16.337959 32.408192 4.00 0.00 10.00 20.00
17.116980 35.273819 4.00 0.00 20.00 20.00
12.895613 20.829416 5.00 0.00 2.50 20.00
16.373068 32.138035 5.00 0.00 7.50 20.00
17.035934 34.459568 5.00 0.00 10.00 20.00
18.142401 38.535267 5.00 0.00 20.00 20.00
9.960564 8.366591 1.00 0.00 2.50 25.00
10.238729 9.278954 1.00 0.00 7.50 25.00
10.274192 9.390260 1.00 0.00 10.00 25.00
10.327410 9.555902 1.00 0.00 20.00 25.00
12.060242 17.247425 2.00 0.00 2.50 25.00
13.249820 21.549156 2.00 0.00 7.50 25.00
13.408452 22.116562 2.00 0.00 10.00 25.00
13.648932 22.976894 2.00 0.00 20.00 25.00
12.819044 19.813765 3.00 0.00 2.50 25.00
14.961817 27.409094 3.00 0.00 7.50 25.00
15.273406 28.537388 3.00 0.00 10.00 25.00
15.753999 30.298775 3.00 0.00 20.00 25.00
13.012047 20.377308 4.00 0.00 2.50 25.00
15.927238 30.459768 4.00 0.00 7.50 25.00
16.412094 32.216740 4.00 0.00 10.00 25.00
17.184284 35.091564 4.00 0.00 20.00 25.00
13.044833 20.463099 5.00 0.00 2.50 25.00
16.444206 31.975239 5.00 0.00 7.50 25.00
17.100336 34.314178 5.00 0.00 10.00 25.00
18.198370 38.410030 5.00 0.00 20.00 25.00
11.182071 6.942549 1.00 0.00 2.50 35.00
11.418415 7.770734 1.00 0.00 7.50 35.00
11.449764 7.871346 1.00 0.00 10.00 35.00
11.497584 8.021860 1.00 0.00 20.00 35.00
12.612336 16.059484 2.00 0.00 2.50 35.00
13.700466 20.402630 2.00 0.00 7.50 35.00
13.850441 20.968739 2.00 0.00 10.00 35.00
14.080088 21.823082 2.00 0.00 20.00 35.00
13.242634 18.860205 3.00 0.00 2.50 35.00
15.237826 26.680489 3.00 0.00 7.50 35.00
15.537500 27.822472 3.00 0.00 10.00 35.00
16.003267 29.595604 3.00 0.00 20.00 35.00
13.410303 19.486084 4.00 0.00 2.50 35.00
16.144844 29.930578 4.00 0.00 7.50 35.00
16.614807 31.714722 4.00 0.00 10.00 35.00
17.368458 34.613895 4.00 0.00 20.00 35.00
13.439160 19.582644 5.00 0.00 2.50 35.00
16.639212 31.538925 5.00 0.00 7.50 35.00
17.277014 33.922577 5.00 0.00 10.00 35.00
18.352795 38.061981 5.00 0.00 20.00 35.00
