8.658421 12.071171 1.00 0.00 5.00 0.00 1.00
8.829087 12.550690 1.00 0.00 15.00 0.00 1.00
8.863355 12.646069 1.00 0.00 25.00 0.00 1.00
8.878486 12.687609 1.00 0.00 35.00 0.00 1.00
12.436747 21.892401 2.00 0.00 5.00 0.00 1.00
13.110934 24.119211 2.00 0.00 15.00 0.00 1.00
13.246311 24.581959 2.00 0.00 25.00 0.00 1.00
13.304503 24.781134 2.00 0.00 35.00 0.00 1.00
14.058742 26.121206 3.00 0.00 5.00 0.00 1.00
15.344235 30.454269 3.00 0.00 15.00 0.00 1.00
15.611500 31.406050 3.00 0.00 25.00 0.00 1.00
15.726592 31.822405 3.00 0.00 35.00 0.00 1.00
14.790574 27.950783 4.00 0.00 5.00 0.00 1.00
16.745293 34.551205 4.00 0.00 15.00 0.00 1.00
17.177216 36.139675 4.00 0.00 25.00 0.00 1.00
17.365269 36.848316 4.00 0.00 35.00 0.00 1.00
8.657104 12.068557 1.00 0.00 5.00 1.00 1.00
8.827919 12.548436 1.00 0.00 15.00 1.00 1.00
8.862283 12.642978 1.00 0.00 25.00 1.00 1.00
8.877363 12.684788 1.00 0.00 35.00 1.00 1.00
12.436329 21.890785 2.00 0.00 5.00 1.00 1.00
13.110644 24.118347 2.00 0.00 15.00 1.00 1.00
13.246220 24.580286 2.00 0.00 25.00 1.00 1.00
13.304292 24.778240 2.00 0.00 35.00 1.00 1.00
14.058727 26.119265 3.00 0.00 5.00 1.00 1.00
15.344349 30.454653 3.00 0.00 15.00 1.00 1.00
15.611715 31.406822 3.00 0.00 25.00 1.00 1.00
15.726677 31.823217 3.00 0.00 35.00 1.00 1.00
14.790506 27.948030 4.00 0.00 5.00 1.00 1.00
16.745550 34.552231 4.00 0.00 15.00 1.00 1.00
17.177515 36.138954 4.00 0.00 25.00 1.00 1.00
17.365734 36.847298 4.00 0.00 35.00 1.00 1.00
8.793262 11.670372 1.00 0.00 5.00 2.00 1.00
8.961452 12.149264 1.00 0.00 15.00 2.00 1.00
8.995238 12.244754 1.00 0.00 25.00 2.00 1.00
9.010151 12.285496 1.00 0.00 35.00 2.00 1.00
12.530850 21.520475 2.00 0.00 5.00 2.00 1.00
13.200275 23.748072 2.00 0.00 15.00 2.00 1.00
13.334785 24.210100 2.00 0.00 25.00 2.00 1.00
13.392549 24.408768 2.00 0.00 35.00 2.00 1.00
14.141762 25.766714 3.00 0.00 5.00 2.00 1.00
15.420538 30.104446 3.00 0.00 15.00 2.00 1.00
15.686400 31.057487 3.00 0.00 25.00 2.00 1.00
15.800863 31.475863 3.00 0.00 35.00 2.00 1.00
14.869296 27.605005 4.00 0.00 5.00 2.00 1.00
16.814917 34.214542 4.00 0.00 15.00 2.00 1.00
17.245026 35.803722 4.00 0.00 25.00 2.00 1.00
17.432440 36.512733 4.00 0.00 35.00 2.00 1.00
8.852361 11.564973 1.00 0.00 5.00 0.00 5.00
9.017934 12.045777 1.00 0.00 15.00 0.00 5.00
9.051451 12.139544 1.00 0.00 25.00 0.00 5.00
9.066418 12.180790 1.00 0.00 35.00 0.00 5.00
12.494376 21.713335 2.00 0.00 5.00 0.00 5.00
13.162741 23.946619 2.00 0.00 15.00 0.00 5.00
13.297355 24.407663 2.00 0.00 25.00 0.00 5.00
13.355080 24.607088 2.00 0.00 35.00 0.00 5.00
14.092564 26.028547 3.00 0.00 5.00 0.00 5.00
15.370837 30.372984 3.00 0.00 15.00 0.00 5.00
15.636881 31.324871 3.00 0.00 25.00 0.00 5.00
15.751678 31.740881 3.00 0.00 35.00 0.00 5.00
14.817693 27.886141 4.00 0.00 5.00 0.00 5.00
16.763582 34.506725 4.00 0.00 15.00 0.00 5.00
17.194344 36.094662 4.00 0.00 25.00 0.00 5.00
17.381964 36.801472 4.00 0.00 35.00 0.00 5.00
10.201525 8.982931 1.00 0.00 5.00 0.00 15.00
10.342555 9.428970 1.00 0.00 15.00 0.00 15.00
10.370977 9.516954 1.00 0.00 25.00 0.00 15.00
10.383191 9.554177 1.00 0.00 35.00 0.00 15.00
12.951029 20.355047 2.00 0.00 5.00 0.00 15.00
13.580447 22.614378 2.00 0.00 15.00 0.00 15.00
13.709246 23.074776 2.00 0.00 25.00 0.00 15.00
13.764731 23.272453 2.00 0.00 35.00 0.00 15.00
14.372141 25.206825 3.00 0.00 5.00 0.00 15.00
15.598730 29.641356 3.00 0.00 15.00 0.00 15.00
15.858110 30.599480 3.00 0.00 25.00 0.00 15.00
15.970232 31.015606 3.00 0.00 35.00 0.00 15.00
15.044958 27.265518 4.00 0.00 5.00 0.00 15.00
16.926334 34.043568 4.00 0.00 15.00 0.00 15.00
17.348677 35.642921 4.00 0.00 25.00 0.00 15.00
17.533409 36.351891 4.00 0.00 35.00 0.00 15.00
12.319450 6.670187 1.00 0.00 5.00 0.00 25.00
12.432522 7.042498 1.00 0.00 15.00 0.00 25.00
12.456155 7.116003 1.00 0.00 25.00 0.00 25.00
12.466480 7.147114 1.00 0.00 35.00 0.00 25.00
13.816638 18.391846 2.00 0.00 5.00 0.00 25.00
14.382306 20.626324 2.00 0.00 15.00 0.00 25.00
14.501778 21.076345 2.00 0.00 25.00 0.00 25.00
14.553595 21.269081 2.00 0.00 35.00 0.00 25.00
14.941702 23.832392 3.00 0.00 5.00 0.00 25.00
16.076702 28.352114 3.00 0.00 15.00 0.00 25.00
16.323475 29.306402 3.00 0.00 25.00 0.00 25.00
16.430927 29.719524 3.00 0.00 35.00 0.00 25.00
15.522857 26.163481 4.00 0.00 5.00 0.00 25.00
17.285713 33.129829 4.00 0.00 15.00 0.00 25.00
17.692253 34.736629 4.00 0.00 25.00 0.00 25.00
17.871044 35.446747 4.00 0.00 35.00 0.00 25.00
14.819721 5.133906 1.00 0.00 5.00 0.00 35.00
14.907967 5.432194 1.00 0.00 15.00 0.00 35.00
14.927325 5.490949 1.00 0.00 25.00 0.00 35.00
14.935827 5.516281 1.00 0.00 35.00 0.00 35.00
15.037319 16.364122 2.00 0.00 5.00 0.00 35.00
15.526661 18.498909 2.00 0.00 15.00 0.00 35.00
15.634416 18.923420 2.00 0.00 25.00 0.00 35.00
15.681532 19.105122 2.00 0.00 35.00 0.00 35.00
15.809659 22.175381 3.00 0.00 5.00 0.00 35.00
16.824356 26.689959 3.00 0.00 15.00 0.00 35.00
17.053719 27.627327 3.00 0.00 25.00 0.00 35.00
17.154541 28.031919 3.00 0.00 35.00 0.00 35.00
16.274725 24.728226 4.00 0.00 5.00 0.00 35.00
17.876646 31.803770 4.00 0.00 15.00 0.00 35.00
18.260181 33.405338 4.00 0.00 25.00 0.00 35.00
18.430000 34.106350 4.00 0.00 35.00 0.00 35.00
8.683711 12.005261 1.00 0.00 5.00 0.00 2.50
8.853842 12.484259 1.00 0.00 15.00 0.00 2.50
8.888133 12.579054 1.00 0.00 25.00 0.00 2.50
8.903194 12.620940 1.00 0.00 35.00 0.00 2.50
12.444039 21.872353 2.00 0.00 5.00 0.00 2.50
13.117312 24.099026 2.00 0.00 15.00 0.00 2.50
13.252619 24.561611 2.00 0.00 25.00 0.00 2.50
13.310717 24.760208 2.00 0.00 35.00 0.00 2.50
14.063118 26.110737 3.00 0.00 5.00 0.00 2.50
15.347556 30.444082 3.00 0.00 15.00 0.00 2.50
15.614553 31.397732 3.00 0.00 25.00 0.00 2.50
15.729710 31.813377 3.00 0.00 35.00 0.00 2.50
14.794040 27.943514 4.00 0.00 5.00 0.00 2.50
16.747587 34.545788 4.00 0.00 15.00 0.00 2.50
17.179272 36.133896 4.00 0.00 25.00 0.00 2.50
17.367359 36.842930 4.00 0.00 35.00 0.00 2.50
9.037609 11.120718 1.00 0.00 5.00 0.00 7.50
9.199065 11.600819 1.00 0.00 15.00 0.00 7.50
9.231501 11.694025 1.00 0.00 25.00 0.00 7.50
9.246081 11.733504 1.00 0.00 35.00 0.00 7.50
12.551592 21.530464 2.00 0.00 5.00 0.00 7.50
13.214718 23.768457 2.00 0.00 15.00 0.00 7.50
13.348485 24.229996 2.00 0.00 25.00 0.00 7.50
13.405989 24.429035 2.00 0.00 35.00 0.00 7.50
14.126698 25.925581 3.00 0.00 5.00 0.00 7.50
15.398342 30.285583 3.00 0.00 15.00 0.00 7.50
15.663414 31.237167 3.00 0.00 25.00 0.00 7.50
15.777774 31.653564 3.00 0.00 35.00 0.00 7.50
14.845192 27.812927 4.00 0.00 5.00 0.00 7.50
16.782696 34.454315 4.00 0.00 15.00 0.00 7.50
17.212498 36.044926 4.00 0.00 25.00 0.00 7.50
17.399630 36.751816 4.00 0.00 35.00 0.00 7.50
9.396482 10.356180 1.00 0.00 5.00 0.00 10.00
9.551269 10.827404 1.00 0.00 15.00 0.00 10.00
9.582129 10.920126 1.00 0.00 25.00 0.00 10.00
9.595780 10.959303 1.00 0.00 35.00 0.00 10.00
12.668317 21.169712 2.00 0.00 5.00 0.00 10.00
13.321467 23.417749 2.00 0.00 15.00 0.00 10.00
13.453673 23.880033 2.00 0.00 25.00 0.00 10.00
13.510364 24.078011 2.00 0.00 35.00 0.00 10.00
14.197511 25.717112 3.00 0.00 5.00 0.00 10.00
15.455740 30.100021 3.00 0.00 15.00 0.00 10.00
15.719269 31.054541 3.00 0.00 25.00 0.00 10.00
15.832978 31.468325 3.00 0.00 35.00 0.00 10.00
14.902431 27.656727 4.00 0.00 5.00 0.00 10.00
16.823296 34.341854 4.00 0.00 15.00 0.00 10.00
17.250774 35.933033 4.00 0.00 25.00 0.00 10.00
17.437330 36.640247 4.00 0.00 35.00 0.00 10.00
11.195753 7.719317 1.00 0.00 5.00 0.00 20.00
11.322680 8.129510 1.00 0.00 15.00 0.00 20.00
11.348645 8.210358 1.00 0.00 25.00 0.00 20.00
11.359868 8.244693 1.00 0.00 35.00 0.00 20.00
13.336872 19.406324 2.00 0.00 5.00 0.00 20.00
13.936173 21.663790 2.00 0.00 15.00 0.00 20.00
14.060497 22.121033 2.00 0.00 25.00 0.00 20.00
14.114303 22.318031 2.00 0.00 35.00 0.00 20.00
14.619467 24.580948 3.00 0.00 5.00 0.00 20.00
15.804055 29.073349 3.00 0.00 15.00 0.00 20.00
16.057545 30.033808 3.00 0.00 25.00 0.00 20.00
16.167580 30.450743 3.00 0.00 35.00 0.00 20.00
15.250189 26.778858 4.00 0.00 5.00 0.00 20.00
17.077730 33.666077 4.00 0.00 15.00 0.00 20.00
17.493132 35.269798 4.00 0.00 25.00 0.00 20.00
17.675173 35.980377 4.00 0.00 35.00 0.00 20.00
15.085625 28.623571 5.00 0.00 5.00 0.00 1.00
17.672152 37.254807 5.00 0.00 15.00 0.00 1.00
18.298193 39.590714 5.00 0.00 25.00 0.00 1.00
18.575424 40.660110 5.00 0.00 35.00 0.00 1.00
15.085548 28.622950 5.00 0.00 5.00 1.00 1.00
17.672365 37.256435 5.00 0.00 15.00 1.00 1.00
18.298460 39.591061 5.00 0.00 25.00 1.00 1.00
18.575867 40.659805 5.00 0.00 35.00 1.00 1.00
15.162786 28.282982 5.00 0.00 5.00 2.00 1.00
17.738096 36.926365 5.00 0.00 15.00 2.00 1.00
18.361963 39.263031 5.00 0.00 25.00 2.00 1.00
18.638290 40.334644 5.00 0.00 35.00 2.00 1.00
15.089019 28.616970 5.00 0.00 5.00 0.00 2.50
17.674192 37.252941 5.00 0.00 15.00 0.00 2.50
18.300076 39.586441 5.00 0.00 25.00 0.00 2.50
18.577324 40.654984 5.00 0.00 35.00 0.00 2.50
15.112406 28.565014 5.00 0.00 5.00 0.00 5.00
17.688427 37.226425 5.00 0.00 15.00 0.00 5.00
18.313017 39.563915 5.00 0.00 25.00 0.00 5.00
18.589764 40.633873 5.00 0.00 35.00 0.00 5.00
15.136519 28.515991 5.00 0.00 5.00 0.00 7.50
17.703163 37.201546 5.00 0.00 15.00 0.00 7.50
18.326599 39.539230 5.00 0.00 25.00 0.00 7.50
18.602938 40.610062 5.00 0.00 35.00 0.00 7.50
15.188787 28.370054 5.00 0.00 5.00 0.00 10.00
17.736170 37.118305 5.00 0.00 15.00 0.00 10.00
18.356947 39.462833 5.00 0.00 25.00 0.00 10.00
18.632587 40.532589 5.00 0.00 35.00 0.00 10.00
15.320305 28.050526 5.00 0.00 5.00 0.00 15.00
17.820650 36.928497 5.00 0.00 15.00 0.00 15.00
18.435577 39.280201 5.00 0.00 25.00 0.00 15.00
18.708862 40.354809 5.00 0.00 35.00 0.00 15.00
15.510907 27.600229 5.00 0.00 5.00 0.00 20.00
17.948986 36.643135 5.00 0.00 15.00 0.00 20.00
18.555391 39.013245 5.00 0.00 25.00 0.00 20.00
18.825403 40.089821 5.00 0.00 35.00 0.00 20.00
15.765433 27.044044 5.00 0.00 5.00 0.00 25.00
18.124765 36.238373 5.00 0.00 15.00 0.00 25.00
18.719938 38.619110 5.00 0.00 25.00 0.00 25.00
18.985882 39.697006 5.00 0.00 35.00 0.00 25.00
16.471809 25.762371 5.00 0.00 5.00 0.00 35.00
18.639355 35.167908 5.00 0.00 15.00 0.00 35.00
19.205883 37.551174 5.00 0.00 25.00 0.00 35.00
19.460823 38.624001 5.00 0.00 35.00 0.00 35.00
