5.341642 0.139327 0.25 10.00 1.00 5.00
15.734323 13.789334 0.25 10.00 2.00 5.00
15.994471 14.370996 0.25 10.00 3.00 5.00
5.387187 0.141593 0.25 20.00 1.00 5.00
15.485202 13.269236 0.25 20.00 2.00 5.00
15.594680 13.500196 0.25 20.00 3.00 5.00
5.386252 0.141486 0.25 30.00 1.00 5.00
15.430804 13.156223 0.25 30.00 2.00 5.00
15.483676 13.268000 0.25 30.00 3.00 5.00
5.387187 0.141593 0.50 10.00 1.00 5.00
15.486913 13.271994 0.50 10.00 2.00 5.00
15.597848 13.505780 0.50 10.00 3.00 5.00
5.375860 0.140872 0.50 20.00 1.00 5.00
15.412257 13.115639 0.50 20.00 2.00 5.00
15.442391 13.181660 0.50 20.00 3.00 5.00
5.327440 0.138814 0.50 30.00 1.00 5.00
15.400762 13.086069 0.50 30.00 2.00 5.00
15.411938 13.114778 0.50 30.00 3.00 5.00
5.386252 0.141486 0.75 10.00 1.00 5.00
15.433093 13.160317 0.75 10.00 2.00 5.00
15.487990 13.275055 0.75 10.00 3.00 5.00
5.327440 0.138814 0.75 20.00 1.00 5.00
15.400971 13.086547 0.75 20.00 2.00 5.00
15.412595 13.116093 0.75 20.00 3.00 5.00
5.409809 0.142867 0.75 30.00 1.00 5.00
15.398827 13.080493 0.75 30.00 2.00 5.00
15.400915 13.086152 0.75 30.00 3.00 5.00
15.135916 1.204876 0.25 10.00 1.00 15.00
20.935137 7.029491 0.25 10.00 2.00 15.00
21.126362 7.440153 0.25 10.00 3.00 15.00
15.188512 1.213298 0.25 20.00 1.00 15.00
20.746428 6.646419 0.25 20.00 2.00 15.00
20.829670 6.817610 0.25 20.00 3.00 15.00
15.190033 1.213026 0.25 30.00 1.00 15.00
20.705933 6.563560 0.25 30.00 2.00 15.00
20.745230 6.645704 0.25 30.00 3.00 15.00
15.188512 1.213298 0.50 10.00 1.00 15.00
20.747374 6.647955 0.50 10.00 2.00 15.00
20.831371 6.820312 0.50 10.00 3.00 15.00
15.178209 1.210368 0.50 20.00 1.00 15.00
20.691811 6.534302 0.50 20.00 2.00 15.00
20.715839 6.585212 0.50 20.00 3.00 15.00
15.114330 1.199502 0.50 30.00 1.00 15.00
20.683283 6.513894 0.50 30.00 2.00 15.00
20.691814 6.534203 0.50 30.00 3.00 15.00
15.190033 1.213026 0.75 10.00 1.00 15.00
20.707190 6.565996 0.75 10.00 2.00 15.00
20.747442 6.648831 0.75 10.00 3.00 15.00
15.114330 1.199502 0.75 20.00 1.00 15.00
20.683289 6.513811 0.75 20.00 2.00 15.00
20.692295 6.535118 0.75 20.00 3.00 15.00
15.210304 1.217633 0.75 30.00 1.00 15.00
20.683411 6.513239 0.75 30.00 2.00 15.00
20.683542 6.514259 0.75 30.00 3.00 15.00
24.785128 3.519109 0.25 10.00 1.00 25.00
28.477591 3.473550 0.25 10.00 2.00 25.00
28.608061 3.719715 0.25 10.00 3.00 25.00
24.838564 3.534073 0.25 20.00 1.00 25.00
28.334627 3.230093 0.25 20.00 2.00 25.00
28.400497 3.343689 0.25 20.00 3.00 25.00
24.839931 3.532777 0.25 30.00 1.00 25.00
28.304974 3.178534 0.25 30.00 2.00 25.00
28.333870 3.230703 0.25 30.00 3.00 25.00
24.838564 3.534073 0.50 10.00 1.00 25.00
28.335213 3.231002 0.50 10.00 2.00 25.00
28.401535 3.344904 0.50 10.00 3.00 25.00
24.830269 3.528180 0.50 20.00 1.00 25.00
28.294849 3.160596 0.50 20.00 2.00 25.00
28.317595 3.198071 0.50 20.00 3.00 25.00
24.758224 3.501969 0.50 30.00 1.00 25.00
28.288933 3.148613 0.50 30.00 2.00 25.00
28.295731 3.161556 0.50 30.00 3.00 25.00
24.839931 3.532777 0.75 10.00 1.00 25.00
28.305841 3.180072 0.75 10.00 2.00 25.00
28.335072 3.231878 0.75 10.00 3.00 25.00
24.758224 3.501969 0.75 20.00 1.00 25.00
28.288795 3.148365 0.75 20.00 2.00 25.00
28.296143 3.162334 0.75 20.00 3.00 25.00
24.857553 3.541151 0.75 30.00 1.00 25.00
28.294523 3.154197 0.75 30.00 2.00 25.00
28.289639 3.149592 0.75 30.00 3.00 25.00
34.198132 7.503373 0.25 10.00 1.00 35.00
36.759239 3.129826 0.25 10.00 2.00 35.00
36.839500 3.302881 0.25 10.00 3.00 35.00
34.251968 7.527424 0.25 20.00 1.00 35.00
36.643570 2.988046 0.25 20.00 2.00 35.00
36.702339 3.047773 0.25 20.00 3.00 35.00
34.252399 7.524364 0.25 30.00 1.00 35.00
36.621166 2.954955 0.25 30.00 2.00 35.00
36.643414 2.988509 0.25 30.00 3.00 35.00
34.251968 7.527424 0.50 10.00 1.00 35.00
36.643951 2.988420 0.50 10.00 2.00 35.00
36.703114 3.048400 0.50 10.00 3.00 35.00
34.244892 7.516011 0.50 20.00 1.00 35.00
36.614040 2.942929 0.50 20.00 2.00 35.00
36.641129 2.952743 0.50 20.00 3.00 35.00
34.171616 7.467131 0.50 30.00 1.00 35.00
36.610386 2.934537 0.50 30.00 2.00 35.00
36.616459 2.942376 0.50 30.00 3.00 35.00
34.252399 7.524364 0.75 10.00 1.00 35.00
36.621994 2.955478 0.75 10.00 2.00 35.00
36.644070 2.989289 0.75 10.00 3.00 35.00
34.171616 7.467131 0.75 20.00 1.00 35.00
36.610046 2.934659 0.75 20.00 2.00 35.00
36.616955 2.942410 0.75 20.00 3.00 35.00
34.268494 7.537572 0.75 30.00 1.00 35.00
36.624931 2.923545 0.75 30.00 2.00 35.00
36.611927 2.934255 0.75 30.00 3.00 35.00
