7.906809 10.978672 1.00 5.00
12.152422 23.751415 2.00 5.00
14.701748 31.546675 3.00 5.00
16.584450 37.654804 4.00 5.00
9.228267 8.341289 1.00 15.00
12.597544 21.895157 2.00 15.00
14.940001 30.233803 3.00 15.00
16.746170 36.481228 4.00 15.00
11.198246 6.080193 1.00 25.00
13.407714 19.455608 2.00 25.00
15.422122 28.309387 3.00 25.00
17.104240 34.792538 4.00 25.00
13.481549 4.566040 1.00 35.00
14.455761 17.142742 2.00 35.00
16.077374 26.420717 3.00 35.00
17.603540 33.089855 4.00 35.00
7.716139 11.532349 1.00 2.50
12.101551 24.036203 2.00 2.50
14.680747 31.754644 3.00 2.50
16.573734 37.836594 4.00 2.50
8.096228 10.488956 1.00 7.50
12.209368 23.471001 2.00 7.50
14.729839 31.358192 3.00 7.50
16.600466 37.492855 4.00 7.50
8.461470 9.685947 1.00 10.00
12.328041 22.944307 2.00 10.00
14.790166 30.954430 3.00 10.00
16.641809 37.142017 4.00 10.00
10.153942 7.122353 1.00 20.00
12.959647 20.697960 2.00 20.00
15.147985 29.306955 3.00 20.00
16.898930 35.703835 4.00 20.00
18.113382 43.415123 5.00 2.50
18.117622 43.246693 5.00 5.00
18.127022 43.051880 5.00 7.50
18.153633 42.715866 5.00 10.00
18.239815 41.992386 5.00 15.00
18.362795 41.209225 5.00 20.00
18.526007 40.325760 5.00 25.00
18.961285 38.523148 5.00 35.00
