11.815105 2.677715 1.00 0.50 0.05
13.376161 1.534992 1.00 0.70 0.05
14.471357 1.056240 1.00 1.00 0.05
14.746211 0.919057 1.00 1.30 0.05
14.774956 0.891715 1.00 1.50 0.05
14.801305 0.859094 1.00 1.70 0.05
14.798731 0.856653 1.00 2.00 0.05
13.120040 5.176145 2.00 0.50 0.05
16.633942 2.522233 2.00 0.70 0.05
20.807636 1.856627 2.00 1.00 0.05
22.242100 1.654884 2.00 1.30 0.05
22.504353 1.589359 2.00 1.50 0.05
22.609198 1.568564 2.00 1.70 0.05
22.686855 1.539168 2.00 2.00 0.05
13.731043 7.086195 3.00 0.50 0.05
17.644564 3.071163 3.00 0.70 0.05
24.021885 2.515022 3.00 1.00 0.05
26.823647 2.246959 3.00 1.30 0.05
27.437248 2.132307 3.00 1.50 0.05
27.676563 2.076544 3.00 1.70 0.05
27.812672 2.033010 3.00 2.00 0.05
14.342949 8.726698 4.00 0.50 0.05
18.225668 3.561140 4.00 0.70 0.05
25.576248 2.984424 4.00 1.00 0.05
29.276007 2.741745 4.00 1.30 0.05
30.148960 2.562593 4.00 1.50 0.05
30.490269 2.457803 4.00 1.70 0.05
30.687300 2.421461 4.00 2.00 0.05
28.410545 3.395607 1.00 0.50 0.15
34.115009 3.941195 1.00 0.70 0.15
37.760574 3.951482 1.00 1.00 0.15
38.737267 3.872423 1.00 1.30 0.15
38.912033 3.892449 1.00 1.50 0.15
39.007812 3.780731 1.00 1.70 0.15
39.018105 3.803185 1.00 2.00 0.15
29.873480 5.341998 2.00 0.50 0.15
39.968014 7.156470 2.00 0.70 0.15
48.714130 7.710040 2.00 1.00 0.15
51.461823 7.333858 2.00 1.30 0.15
51.962814 7.167856 2.00 1.50 0.15
52.201015 7.053094 2.00 1.70 0.15
52.305923 6.975034 2.00 2.00 0.15
30.580654 6.196658 3.00 0.50 0.15
41.675968 8.142792 3.00 0.70 0.15
51.719547 9.008754 3.00 1.00 0.15
55.038605 8.433196 3.00 1.30 0.15
55.684296 8.215755 3.00 1.50 0.15
55.998356 8.096103 3.00 1.70 0.15
56.106358 8.007912 3.00 2.00 0.15
31.103672 6.812136 4.00 0.50 0.15
42.464527 8.474289 4.00 0.70 0.15
52.462158 9.144657 4.00 1.00 0.15
55.662365 8.573718 4.00 1.30 0.15
56.279087 8.340334 4.00 1.50 0.15
56.586605 8.244424 4.00 1.70 0.15
56.678829 8.167186 4.00 2.00 0.15
44.252167 7.647743 1.00 0.50 0.25
52.594696 9.012561 1.00 0.70 0.25
57.752987 8.998211 1.00 1.00 0.25
59.111019 8.807522 1.00 1.30 0.25
59.370972 8.835964 1.00 1.50 0.25
59.481567 8.632039 1.00 1.70 0.25
59.486046 8.667021 1.00 2.00 0.25
46.326305 10.615281 2.00 0.50 0.25
58.851818 13.447430 2.00 0.70 0.25
68.097382 13.661194 2.00 1.00 0.25
70.792000 13.079999 2.00 1.30 0.25
71.299614 12.892324 2.00 1.50 0.25
71.521408 12.690329 2.00 1.70 0.25
71.581192 12.638662 2.00 2.00 0.25
47.341904 11.445148 3.00 0.50 0.25
60.432961 14.158529 3.00 0.70 0.25
69.687004 14.235194 3.00 1.00 0.25
72.277115 13.513664 3.00 1.30 0.25
72.762230 13.379171 3.00 1.50 0.25
73.005020 13.179662 3.00 1.70 0.25
73.036156 13.161224 3.00 2.00 0.25
47.942562 11.805820 4.00 0.50 0.25
61.079742 14.288617 4.00 0.70 0.25
69.993828 14.115945 4.00 1.00 0.25
72.408409 13.526486 4.00 1.30 0.25
72.839867 13.421836 4.00 1.50 0.25
73.084991 13.187552 4.00 1.70 0.25
73.099602 13.190723 4.00 2.00 0.25
58.938541 13.777367 1.00 0.50 0.35
68.911224 15.382768 1.00 0.70 0.35
74.895264 15.141502 1.00 1.00 0.35
76.448242 14.819736 1.00 1.30 0.35
76.755768 14.852346 1.00 1.50 0.35
76.856560 14.607258 1.00 1.70 0.35
76.854279 14.659061 1.00 2.00 0.35
61.507339 17.829884 2.00 0.50 0.35
74.643845 20.135489 2.00 0.70 0.35
83.185585 19.704130 2.00 1.00 0.35
85.488113 19.009594 2.00 1.30 0.35
85.978348 18.786566 2.00 1.50 0.35
86.127342 18.594927 2.00 1.70 0.35
86.152306 18.577291 2.00 2.00 0.35
62.598202 18.596634 3.00 0.50 0.35
75.855774 20.478954 3.00 0.70 0.35
83.943016 19.843639 3.00 1.00 0.35
85.969299 19.072054 3.00 1.30 0.35
86.444550 18.914360 3.00 1.50 0.35
86.567825 18.765911 3.00 1.70 0.35
86.571747 18.778448 3.00 2.00 0.35
63.163052 18.849554 4.00 0.50 0.35
76.319168 20.513321 4.00 0.70 0.35
84.105759 19.709240 4.00 1.00 0.35
86.014397 19.046061 4.00 1.30 0.35
86.476944 18.907898 4.00 1.50 0.35
86.576340 18.771048 4.00 1.70 0.35
86.575294 18.789085 4.00 2.00 0.35
