3.149674 0.007189 0.25 10.00 1.00 5.00
15.066598 15.323285 0.25 10.00 2.00 5.00
15.325498 15.897999 0.25 10.00 3.00 5.00
3.139729 0.009762 0.25 20.00 1.00 5.00
14.810835 14.799468 0.25 20.00 2.00 5.00
14.922956 15.030574 0.25 20.00 3.00 5.00
3.141461 0.010375 0.25 30.00 1.00 5.00
14.754154 14.685541 0.25 30.00 2.00 5.00
14.808739 14.797718 0.25 30.00 3.00 5.00
3.139729 0.009762 0.50 10.00 1.00 5.00
14.812350 14.802215 0.50 10.00 2.00 5.00
14.925693 15.035971 0.50 10.00 3.00 5.00
3.142239 0.009829 0.50 20.00 1.00 5.00
14.734960 14.643708 0.50 20.00 2.00 5.00
14.765886 14.710793 0.50 20.00 3.00 5.00
3.151457 0.008172 0.50 30.00 1.00 5.00
14.723301 14.613595 0.50 30.00 2.00 5.00
14.734529 14.643014 0.50 30.00 3.00 5.00
3.141461 0.010375 0.75 10.00 1.00 5.00
14.756321 14.689349 0.75 10.00 2.00 5.00
14.812461 14.805137 0.75 10.00 3.00 5.00
3.151457 0.008172 0.75 20.00 1.00 5.00
14.723476 14.614049 0.75 20.00 2.00 5.00
14.735110 14.644210 0.75 20.00 3.00 5.00
3.134879 0.009560 0.75 30.00 1.00 5.00
14.721363 14.607984 0.75 30.00 2.00 5.00
14.723423 14.613708 0.75 30.00 3.00 5.00
8.805070 0.085422 0.25 10.00 1.00 15.00
15.353395 14.699750 0.25 10.00 2.00 15.00
15.605103 15.209324 0.25 10.00 3.00 15.00
8.803849 0.088475 0.25 20.00 1.00 15.00
15.103081 14.205855 0.25 20.00 2.00 15.00
15.212059 14.425402 0.25 20.00 3.00 15.00
8.806830 0.088011 0.25 30.00 1.00 15.00
15.048231 14.097569 0.25 30.00 2.00 15.00
15.101126 14.203486 0.25 30.00 3.00 15.00
8.803849 0.088475 0.50 10.00 1.00 15.00
15.103877 14.207287 0.50 10.00 2.00 15.00
15.213171 14.427544 0.50 10.00 3.00 15.00
8.805648 0.089440 0.50 20.00 1.00 15.00
15.027788 14.060339 0.50 20.00 2.00 15.00
15.059544 14.119682 0.50 20.00 3.00 15.00
8.803214 0.086210 0.50 30.00 1.00 15.00
15.015821 14.031092 0.50 30.00 2.00 15.00
15.027262 14.059526 0.50 30.00 3.00 15.00
8.806830 0.088011 0.75 10.00 1.00 15.00
15.049283 14.099621 0.75 10.00 2.00 15.00
15.102626 14.206277 0.75 10.00 3.00 15.00
8.803214 0.086210 0.75 20.00 1.00 15.00
15.015944 14.031214 0.75 20.00 2.00 15.00
15.027508 14.059983 0.75 20.00 3.00 15.00
8.801372 0.086293 0.75 30.00 1.00 15.00
15.013941 14.025316 0.75 30.00 2.00 15.00
15.015800 14.030948 0.75 30.00 3.00 15.00
14.382244 0.275734 0.25 10.00 1.00 25.00
15.905635 13.663020 0.25 10.00 2.00 25.00
16.167587 14.111920 0.25 10.00 3.00 25.00
14.383449 0.275589 0.25 20.00 1.00 25.00
15.652631 13.201471 0.25 20.00 2.00 25.00
15.760617 13.407635 0.25 20.00 3.00 25.00
14.386644 0.276182 0.25 30.00 1.00 25.00
15.598722 13.096742 0.25 30.00 2.00 25.00
15.650469 13.198668 0.25 30.00 3.00 25.00
14.383449 0.275589 0.50 10.00 1.00 25.00
15.653115 13.202446 0.50 10.00 2.00 25.00
15.761233 13.408935 0.50 10.00 3.00 25.00
14.385900 0.278977 0.50 20.00 1.00 25.00
15.579472 13.058680 0.50 20.00 2.00 25.00
15.609406 13.118042 0.50 20.00 3.00 25.00
14.379280 0.273714 0.50 30.00 1.00 25.00
15.565494 13.033222 0.50 30.00 2.00 25.00
15.578853 13.058347 0.50 30.00 3.00 25.00
14.386644 0.276182 0.75 10.00 1.00 25.00
15.599330 13.098263 0.75 10.00 2.00 25.00
15.651299 13.200257 0.75 10.00 3.00 25.00
14.379280 0.273714 0.75 20.00 1.00 25.00
15.565575 13.033307 0.75 20.00 2.00 25.00
15.578968 13.058568 0.75 20.00 3.00 25.00
14.380279 0.273458 0.75 30.00 1.00 25.00
15.563347 13.026914 0.75 30.00 2.00 25.00
15.565385 13.033046 0.75 30.00 3.00 25.00
19.845707 0.608702 0.25 10.00 1.00 35.00
16.682993 12.466879 0.25 10.00 2.00 35.00
16.961540 12.855247 0.25 10.00 3.00 35.00
19.848322 0.606623 0.25 20.00 1.00 35.00
16.422575 12.040391 0.25 20.00 2.00 35.00
16.529934 12.233390 0.25 20.00 3.00 35.00
19.851772 0.609105 0.25 30.00 1.00 35.00
16.369452 11.939969 0.25 30.00 2.00 35.00
16.419830 12.037080 0.25 30.00 3.00 35.00
19.848322 0.606623 0.50 10.00 1.00 35.00
16.422785 12.041326 0.50 10.00 2.00 35.00
16.530340 12.234016 0.50 10.00 3.00 35.00
19.850828 0.614178 0.50 20.00 1.00 35.00
16.351074 11.902553 0.50 20.00 2.00 35.00
16.379433 11.959922 0.50 20.00 3.00 35.00
19.841259 0.612915 0.50 30.00 1.00 35.00
16.335609 11.879958 0.50 30.00 2.00 35.00
16.350531 11.901563 0.50 30.00 3.00 35.00
19.851772 0.609105 0.75 10.00 1.00 35.00
16.369780 11.941220 0.75 10.00 2.00 35.00
16.420185 12.038053 0.75 10.00 3.00 35.00
19.841259 0.612915 0.75 20.00 1.00 35.00
16.335688 11.880095 0.75 20.00 2.00 35.00
16.350580 11.901769 0.75 20.00 3.00 35.00
19.844259 0.605955 0.75 30.00 1.00 35.00
16.332968 11.872588 0.75 30.00 2.00 35.00
16.335396 11.879660 0.75 30.00 3.00 35.00
