9.436089 8.478265 1.00 5.00
13.272614 20.620840 2.00 5.00
15.662393 28.391579 3.00 5.00
17.453749 34.579010 4.00 5.00
17.088535 4.135817 1.00 15.00
19.582422 11.476463 2.00 15.00
21.329538 17.245188 3.00 15.00
22.717724 22.340601 4.00 15.00
26.027607 4.469883 1.00 25.00
27.794035 8.469708 2.00 25.00
29.101858 12.103137 3.00 25.00
30.178778 15.612263 4.00 25.00
35.141975 7.374987 1.00 35.00
36.508224 9.512877 2.00 35.00
37.546982 11.743960 3.00 35.00
38.419224 14.093452 4.00 35.00
8.208463 10.533399 1.00 2.50
12.422112 23.111225 2.00 2.50
14.947578 30.886297 3.00 2.50
16.814106 37.041550 4.00 2.50
11.067905 6.716476 1.00 7.50
14.508641 17.812244 2.00 7.50
16.731598 25.297915 3.00 7.50
18.426685 31.385166 4.00 7.50
12.939746 5.456841 1.00 10.00
16.018402 15.253615 2.00 10.00
18.072830 22.251741 3.00 10.00
19.663155 28.096216 4.00 10.00
21.500183 3.927990 1.00 20.00
23.575098 9.343244 2.00 20.00
25.076750 13.948726 3.00 20.00
26.293787 18.201727 4.00 20.00
18.338423 42.649364 5.00 2.50
18.932314 40.209835 5.00 5.00
19.837788 36.942291 5.00 7.50
21.001089 33.475735 5.00 10.00
23.906563 27.137262 5.00 15.00
27.344614 22.323872 5.00 20.00
31.124001 19.076849 5.00 25.00
39.201786 16.514881 5.00 35.00
