1.213148 0.001619 0.25 10.00 1.00 0.00 1.00
15.070071 15.374763 0.25 10.00 2.00 0.00 1.00
15.348886 16.007681 0.25 10.00 3.00 0.00 1.00
1.171052 0.001368 0.25 20.00 1.00 0.00 1.00
14.801373 14.820312 0.25 20.00 2.00 0.00 1.00
14.917394 15.064897 0.25 20.00 3.00 0.00 1.00
1.174277 0.001429 0.25 30.00 1.00 0.00 1.00
14.743024 14.701230 0.25 30.00 2.00 0.00 1.00
14.798954 14.818573 0.25 30.00 3.00 0.00 1.00
1.171052 0.001368 0.50 10.00 1.00 0.00 1.00
14.803705 14.824674 0.50 10.00 2.00 0.00 1.00
14.921865 15.074028 0.50 10.00 3.00 0.00 1.00
1.183255 0.001538 0.50 20.00 1.00 0.00 1.00
14.723394 14.657417 0.50 20.00 2.00 0.00 1.00
14.755375 14.727688 0.50 20.00 3.00 0.00 1.00
1.228666 0.001990 0.50 30.00 1.00 0.00 1.00
14.711087 14.625854 0.50 30.00 2.00 0.00 1.00
14.722914 14.656585 0.50 30.00 3.00 0.00 1.00
1.174277 0.001429 0.75 10.00 1.00 0.00 1.00
14.746168 14.706822 0.75 10.00 2.00 0.00 1.00
14.804905 14.830540 0.75 10.00 3.00 0.00 1.00
1.228666 0.001990 0.75 20.00 1.00 0.00 1.00
14.711366 14.626779 0.75 20.00 2.00 0.00 1.00
14.723794 14.658725 0.75 20.00 3.00 0.00 1.00
1.145979 0.001140 0.75 30.00 1.00 0.00 1.00
14.708805 14.619664 0.75 30.00 2.00 0.00 1.00
14.711224 14.626354 0.75 30.00 3.00 0.00 1.00
1.145219 0.003273 0.25 10.00 1.00 1.00 1.00
15.031590 15.458692 0.25 10.00 2.00 1.00 1.00
15.310705 16.091362 0.25 10.00 3.00 1.00 1.00
1.145430 0.003264 0.25 20.00 1.00 1.00 1.00
14.765586 14.908926 0.25 20.00 2.00 1.00 1.00
14.881935 15.152658 0.25 20.00 3.00 1.00 1.00
1.145828 0.003330 0.25 30.00 1.00 1.00 1.00
14.707488 14.790679 0.25 30.00 2.00 1.00 1.00
14.763717 14.907273 0.25 30.00 3.00 1.00 1.00
1.145430 0.003264 0.50 10.00 1.00 1.00 1.00
14.767939 14.912998 0.50 10.00 2.00 1.00 1.00
14.886477 15.161708 0.50 10.00 3.00 1.00 1.00
1.145510 0.003272 0.50 20.00 1.00 1.00 1.00
14.688018 14.747606 0.50 20.00 2.00 1.00 1.00
14.720023 14.817523 0.50 20.00 3.00 1.00 1.00
1.145519 0.003162 0.50 30.00 1.00 1.00 1.00
14.675786 14.716096 0.50 30.00 2.00 1.00 1.00
14.687644 14.746540 0.50 30.00 3.00 1.00 1.00
1.145828 0.003330 0.75 10.00 1.00 1.00 1.00
14.710668 14.796758 0.75 10.00 2.00 1.00 1.00
14.769761 14.918975 0.75 10.00 3.00 1.00 1.00
1.145519 0.003162 0.75 20.00 1.00 1.00 1.00
14.676089 14.717024 0.75 20.00 2.00 1.00 1.00
14.688519 14.748593 0.75 20.00 3.00 1.00 1.00
1.145299 0.003256 0.75 30.00 1.00 1.00 1.00
14.673563 14.709897 0.75 30.00 2.00 1.00 1.00
14.675978 14.716613 0.75 30.00 3.00 1.00 1.00
1.762158 0.014109 0.25 10.00 1.00 2.00 1.00
15.065883 15.364006 0.25 10.00 2.00 2.00 1.00
15.346841 15.997231 0.25 10.00 3.00 2.00 1.00
1.791525 0.014579 0.25 20.00 1.00 2.00 1.00
14.800342 14.816270 0.25 20.00 2.00 2.00 1.00
14.916844 15.059463 0.25 20.00 3.00 2.00 1.00
1.789603 0.014685 0.25 30.00 1.00 2.00 1.00
14.742562 14.697697 0.25 30.00 2.00 2.00 1.00
14.798637 14.815251 0.25 30.00 3.00 2.00 1.00
1.791525 0.014579 0.50 10.00 1.00 2.00 1.00
14.802620 14.820661 0.50 10.00 2.00 2.00 1.00
14.921270 15.068169 0.50 10.00 3.00 2.00 1.00
1.783497 0.014468 0.50 20.00 1.00 2.00 1.00
14.723064 14.654367 0.50 20.00 2.00 2.00 1.00
14.755058 14.724785 0.50 20.00 3.00 2.00 1.00
1.752715 0.014112 0.50 30.00 1.00 2.00 1.00
14.710801 14.623157 0.50 30.00 2.00 2.00 1.00
14.722692 14.653590 0.50 30.00 3.00 2.00 1.00
1.789603 0.014685 0.75 10.00 1.00 2.00 1.00
14.745662 14.703430 0.75 10.00 2.00 2.00 1.00
14.804593 14.826641 0.75 10.00 3.00 2.00 1.00
1.752715 0.014112 0.75 20.00 1.00 2.00 1.00
14.711079 14.624026 0.75 20.00 2.00 2.00 1.00
14.723567 14.655649 0.75 20.00 3.00 2.00 1.00
1.807216 0.014820 0.75 30.00 1.00 2.00 1.00
14.708614 14.617146 0.75 30.00 2.00 2.00 1.00
14.711004 14.623608 0.75 30.00 3.00 2.00 1.00
4.985054 0.023080 0.25 10.00 1.00 0.00 5.00
15.151958 15.128509 0.25 10.00 2.00 0.00 5.00
15.405122 15.680674 0.25 10.00 3.00 0.00 5.00
4.975410 0.024454 0.25 20.00 1.00 0.00 5.00
14.899250 14.616631 0.25 20.00 2.00 0.00 5.00
15.009727 14.843507 0.25 20.00 3.00 0.00 5.00
4.977678 0.024879 0.25 30.00 1.00 0.00 5.00
14.843247 14.505794 0.25 30.00 2.00 0.00 5.00
14.897140 14.615048 0.25 30.00 3.00 0.00 5.00
4.975410 0.024454 0.50 10.00 1.00 0.00 5.00
14.900478 14.618797 0.50 10.00 2.00 0.00 5.00
15.011771 14.847450 0.50 10.00 3.00 0.00 5.00
4.978745 0.024604 0.50 20.00 1.00 0.00 5.00
14.823987 14.464579 0.50 20.00 2.00 0.00 5.00
14.854740 14.530054 0.50 20.00 3.00 0.00 5.00
4.987840 0.023235 0.50 30.00 1.00 0.00 5.00
14.812379 14.435499 0.50 30.00 2.00 0.00 5.00
14.823525 14.463911 0.50 30.00 3.00 0.00 5.00
4.977678 0.024879 0.75 10.00 1.00 0.00 5.00
14.844990 14.508672 0.75 10.00 2.00 0.00 5.00
14.899939 14.620450 0.75 10.00 3.00 0.00 5.00
4.987840 0.023235 0.75 20.00 1.00 0.00 5.00
14.812522 14.435944 0.75 20.00 2.00 0.00 5.00
14.823962 14.464791 0.75 20.00 3.00 0.00 5.00
4.969520 0.023561 0.75 30.00 1.00 0.00 5.00
14.810490 14.430036 0.75 30.00 2.00 0.00 5.00
14.812444 14.435541 0.75 30.00 3.00 0.00 5.00
14.558878 0.303048 0.25 10.00 1.00 0.00 15.00
15.941068 13.646420 0.25 10.00 2.00 0.00 15.00
16.200821 14.095303 0.25 10.00 3.00 0.00 15.00
14.558236 0.303286 0.25 20.00 1.00 0.00 15.00
15.688740 13.187550 0.25 20.00 2.00 0.00 15.00
15.796045 13.393606 0.25 20.00 3.00 0.00 15.00
14.561428 0.303287 0.25 30.00 1.00 0.00 15.00
15.635052 13.082950 0.25 30.00 2.00 0.00 15.00
15.686310 13.184803 0.25 30.00 3.00 0.00 15.00
14.558236 0.303286 0.50 10.00 1.00 0.00 15.00
15.689273 13.188463 0.50 10.00 2.00 0.00 15.00
15.796689 13.394922 0.50 10.00 3.00 0.00 15.00
14.560858 0.307126 0.50 20.00 1.00 0.00 15.00
15.615888 13.045686 0.50 20.00 2.00 0.00 15.00
15.645512 13.104367 0.50 20.00 3.00 0.00 15.00
14.556696 0.304783 0.50 30.00 1.00 0.00 15.00
15.603132 13.018367 0.50 30.00 2.00 0.00 15.00
15.615303 13.045043 0.50 30.00 3.00 0.00 15.00
14.561428 0.303287 0.75 10.00 1.00 0.00 15.00
15.635786 13.084126 0.75 10.00 2.00 0.00 15.00
15.687163 13.186673 0.75 10.00 3.00 0.00 15.00
14.556696 0.304783 0.75 20.00 1.00 0.00 15.00
15.603209 13.018447 0.75 20.00 2.00 0.00 15.00
15.615421 13.045310 0.75 20.00 3.00 0.00 15.00
14.554231 0.301411 0.75 30.00 1.00 0.00 15.00
15.600964 13.012005 0.75 30.00 2.00 0.00 15.00
15.603015 13.018188 0.75 30.00 3.00 0.00 15.00
23.794436 1.023149 0.25 10.00 1.00 0.00 25.00
17.375080 11.637714 0.25 10.00 2.00 0.00 25.00
17.664856 11.991644 0.25 10.00 3.00 0.00 25.00
23.796152 1.021241 0.25 20.00 1.00 0.00 25.00
17.109512 11.236431 0.25 20.00 2.00 0.00 25.00
17.216194 11.419331 0.25 20.00 3.00 0.00 25.00
23.799707 1.021771 0.25 30.00 1.00 0.00 25.00
17.057135 11.140873 0.25 30.00 2.00 0.00 25.00
17.106010 11.233334 0.25 30.00 3.00 0.00 25.00
23.796152 1.021241 0.50 10.00 1.00 0.00 25.00
17.109833 11.236924 0.50 10.00 2.00 0.00 25.00
17.216509 11.419736 0.50 10.00 3.00 0.00 25.00
23.799494 1.028830 0.50 20.00 1.00 0.00 25.00
17.038843 11.105333 0.50 20.00 2.00 0.00 25.00
17.066538 11.160218 0.50 20.00 3.00 0.00 25.00
23.791800 1.036675 0.50 30.00 1.00 0.00 25.00
17.025806 11.079944 0.50 30.00 2.00 0.00 25.00
17.037975 11.104711 0.50 30.00 3.00 0.00 25.00
23.799707 1.021771 0.75 10.00 1.00 0.00 25.00
17.057585 11.141552 0.75 10.00 2.00 0.00 25.00
17.106373 11.233779 0.75 10.00 3.00 0.00 25.00
23.791800 1.036675 0.75 20.00 1.00 0.00 25.00
17.025860 11.080052 0.75 20.00 2.00 0.00 25.00
17.038063 11.104818 0.75 20.00 3.00 0.00 25.00
23.792200 1.019305 0.75 30.00 1.00 0.00 25.00
17.022699 11.072025 0.75 30.00 2.00 0.00 25.00
17.025555 11.079655 0.75 30.00 3.00 0.00 25.00
32.489445 2.199493 0.25 10.00 1.00 0.00 35.00
19.256845 9.762085 0.25 10.00 2.00 0.00 35.00
19.582911 10.031326 0.25 10.00 3.00 0.00 35.00
32.492500 2.196373 0.25 20.00 1.00 0.00 35.00
18.970978 9.413833 0.25 20.00 2.00 0.00 35.00
19.076912 9.569357 0.25 20.00 3.00 0.00 35.00
32.496056 2.196221 0.25 30.00 1.00 0.00 35.00
18.919258 9.328291 0.25 30.00 2.00 0.00 35.00
18.965513 9.408446 0.25 30.00 3.00 0.00 35.00
32.492500 2.196373 0.50 10.00 1.00 0.00 35.00
18.971176 9.414125 0.50 10.00 2.00 0.00 35.00
19.077082 9.569601 0.50 10.00 3.00 0.00 35.00
32.496593 2.206384 0.50 20.00 1.00 0.00 35.00
18.901604 9.295866 0.50 20.00 2.00 0.00 35.00
18.927208 9.343790 0.50 20.00 3.00 0.00 35.00
32.488224 2.224526 0.50 30.00 1.00 0.00 35.00
18.889149 9.272860 0.50 30.00 2.00 0.00 35.00
18.900356 9.294670 0.50 30.00 3.00 0.00 35.00
32.496056 2.196221 0.75 10.00 1.00 0.00 35.00
18.919529 9.328791 0.75 10.00 2.00 0.00 35.00
18.965755 9.408253 0.75 10.00 3.00 0.00 35.00
32.488224 2.224526 0.75 20.00 1.00 0.00 35.00
18.889183 9.272876 0.75 20.00 2.00 0.00 35.00
18.900391 9.294743 0.75 20.00 3.00 0.00 35.00
32.488522 2.193336 0.75 30.00 1.00 0.00 35.00
18.885162 9.264056 0.75 30.00 2.00 0.00 35.00
18.888704 9.272260 0.75 30.00 3.00 0.00 35.00
2.102046 0.003514 0.25 10.00 1.00 0.00 2.50
15.074127 15.329984 0.25 10.00 2.00 0.00 2.50
15.340954 15.930658 0.25 10.00 3.00 0.00 2.50
2.077309 0.003538 0.25 20.00 1.00 0.00 2.50
14.812818 14.792912 0.25 20.00 2.00 0.00 2.50
14.926509 15.029882 0.25 20.00 3.00 0.00 2.50
2.079468 0.003966 0.25 30.00 1.00 0.00 2.50
14.755599 14.676801 0.25 30.00 2.00 0.00 2.50
14.810611 14.791425 0.25 30.00 3.00 0.00 2.50
2.077309 0.003538 0.50 10.00 1.00 0.00 2.50
14.814715 14.796330 0.50 10.00 2.00 0.00 2.50
14.930140 15.036682 0.50 10.00 3.00 0.00 2.50
2.084357 0.003613 0.50 20.00 1.00 0.00 2.50
14.736354 14.633973 0.50 20.00 2.00 0.00 2.50
14.767599 14.703111 0.50 20.00 3.00 0.00 2.50
2.111805 0.003304 0.50 30.00 1.00 0.00 2.50
14.724344 14.603302 0.50 30.00 2.00 0.00 2.50
14.735893 14.633230 0.50 30.00 3.00 0.00 2.50
2.079468 0.003966 0.75 10.00 1.00 0.00 2.50
14.758274 14.681602 0.75 10.00 2.00 0.00 2.50
14.815452 14.800978 0.75 10.00 3.00 0.00 2.50
2.111805 0.003304 0.75 20.00 1.00 0.00 2.50
14.724583 14.604009 0.75 20.00 2.00 0.00 2.50
14.736621 14.634892 0.75 20.00 3.00 0.00 2.50
2.063411 0.003353 0.75 30.00 1.00 0.00 2.50
14.722293 14.597534 0.75 30.00 2.00 0.00 2.50
14.724502 14.603686 0.75 30.00 3.00 0.00 2.50
6.942535 0.050401 0.25 10.00 1.00 0.00 7.50
15.250103 14.919429 0.25 10.00 2.00 0.00 7.50
15.501074 15.449055 0.25 10.00 3.00 0.00 7.50
6.936626 0.051779 0.25 20.00 1.00 0.00 7.50
14.999393 14.416745 0.25 20.00 2.00 0.00 7.50
15.108769 14.639898 0.25 20.00 3.00 0.00 7.50
6.939090 0.051944 0.25 30.00 1.00 0.00 7.50
14.943991 14.307722 0.25 30.00 2.00 0.00 7.50
14.997323 14.414533 0.25 30.00 3.00 0.00 7.50
6.936626 0.051779 0.50 10.00 1.00 0.00 7.50
15.000355 14.418447 0.50 10.00 2.00 0.00 7.50
15.110278 14.643255 0.50 10.00 3.00 0.00 7.50
6.939185 0.052491 0.50 20.00 1.00 0.00 7.50
14.924556 14.267531 0.50 20.00 2.00 0.00 7.50
14.955261 14.330851 0.50 20.00 3.00 0.00 7.50
6.943569 0.050353 0.50 30.00 1.00 0.00 7.50
14.912764 14.238368 0.50 30.00 2.00 0.00 7.50
14.924081 14.266642 0.50 30.00 3.00 0.00 7.50
6.939090 0.051944 0.75 10.00 1.00 0.00 7.50
14.945362 14.309909 0.75 10.00 2.00 0.00 7.50
14.999377 14.418749 0.75 10.00 3.00 0.00 7.50
6.943569 0.050353 0.75 20.00 1.00 0.00 7.50
14.912893 14.238635 0.75 20.00 2.00 0.00 7.50
14.924409 14.267113 0.75 20.00 3.00 0.00 7.50
6.931981 0.050460 0.75 30.00 1.00 0.00 7.50
14.910890 14.232802 0.75 30.00 2.00 0.00 7.50
14.912782 14.238245 0.75 30.00 3.00 0.00 7.50
9.811743 0.115017 0.25 10.00 1.00 0.00 10.00
15.452654 14.515635 0.25 10.00 2.00 0.00 10.00
15.704573 15.014016 0.25 10.00 3.00 0.00 10.00
9.808664 0.115995 0.25 20.00 1.00 0.00 10.00
15.202477 14.029391 0.25 20.00 2.00 0.00 10.00
15.310810 14.245759 0.25 20.00 3.00 0.00 10.00
9.811542 0.115866 0.25 30.00 1.00 0.00 10.00
15.147683 13.922494 0.25 30.00 2.00 0.00 10.00
15.200343 14.027558 0.25 30.00 3.00 0.00 10.00
9.808664 0.115995 0.50 10.00 1.00 0.00 10.00
15.203235 14.030735 0.50 10.00 2.00 0.00 10.00
15.311855 14.247872 0.50 10.00 3.00 0.00 10.00
9.811130 0.117917 0.50 20.00 1.00 0.00 10.00
15.128153 13.883667 0.50 20.00 2.00 0.00 10.00
15.158740 13.945281 0.50 20.00 3.00 0.00 10.00
9.811159 0.114579 0.50 30.00 1.00 0.00 10.00
15.116092 13.855233 0.50 30.00 2.00 0.00 10.00
15.127629 13.883073 0.50 30.00 3.00 0.00 10.00
9.811542 0.115866 0.75 10.00 1.00 0.00 10.00
15.148738 13.924287 0.75 10.00 2.00 0.00 10.00
15.201757 14.030429 0.75 10.00 3.00 0.00 10.00
9.811159 0.114579 0.75 20.00 1.00 0.00 10.00
15.116185 13.855460 0.75 20.00 2.00 0.00 10.00
15.127863 13.883459 0.75 20.00 3.00 0.00 10.00
9.804627 0.114340 0.75 30.00 1.00 0.00 10.00
15.114136 13.849663 0.75 30.00 2.00 0.00 10.00
15.116072 13.855124 0.75 30.00 3.00 0.00 10.00
19.218676 0.603567 0.25 10.00 1.00 0.00 20.00
16.589594 12.644958 0.25 10.00 2.00 0.00 20.00
16.862946 13.043295 0.25 10.00 3.00 0.00 20.00
19.219524 0.602917 0.25 20.00 1.00 0.00 20.00
16.331774 12.215868 0.25 20.00 2.00 0.00 20.00
16.438690 12.410098 0.25 20.00 3.00 0.00 20.00
19.222921 0.603433 0.25 30.00 1.00 0.00 20.00
16.278732 12.115823 0.25 30.00 2.00 0.00 20.00
16.329002 12.212998 0.25 30.00 3.00 0.00 20.00
19.219524 0.602917 0.50 10.00 1.00 0.00 20.00
16.332190 12.216486 0.50 10.00 2.00 0.00 20.00
16.439119 12.410615 0.50 10.00 3.00 0.00 20.00
19.222385 0.608691 0.50 20.00 1.00 0.00 20.00
16.259977 12.079741 0.50 20.00 2.00 0.00 20.00
16.288752 12.135930 0.50 20.00 3.00 0.00 20.00
19.215729 0.610839 0.50 30.00 1.00 0.00 20.00
16.246979 12.053059 0.50 30.00 2.00 0.00 20.00
16.259302 12.079062 0.50 30.00 3.00 0.00 20.00
19.222921 0.603433 0.75 10.00 1.00 0.00 20.00
16.279295 12.116615 0.75 10.00 2.00 0.00 20.00
16.329557 12.214025 0.75 10.00 3.00 0.00 20.00
19.215729 0.610839 0.75 20.00 1.00 0.00 20.00
16.247036 12.053148 0.75 20.00 2.00 0.00 20.00
16.259384 12.079165 0.75 20.00 3.00 0.00 20.00
19.215570 0.601112 0.75 30.00 1.00 0.00 20.00
16.244392 12.045856 0.75 30.00 2.00 0.00 20.00
16.246784 12.052679 0.75 30.00 3.00 0.00 20.00
