8.911235 12.795666 1.00 0.00 1.00
13.449408 25.281767 2.00 0.00 1.00
16.015358 32.884007 3.00 0.00 1.00
17.841545 38.685043 4.00 0.00 1.00
8.910069 12.792115 1.00 1.00 1.00
13.449292 25.281029 2.00 1.00 1.00
16.015646 32.883373 3.00 1.00 1.00
17.841890 38.684124 4.00 1.00 1.00
9.042595 12.392673 1.00 2.00 1.00
13.536760 24.911169 2.00 2.00 1.00
16.088509 32.535744 3.00 2.00 1.00
17.906919 38.349682 4.00 2.00 1.00
9.099091 12.286551 1.00 0.00 5.00
13.499348 25.108526 2.00 0.00 5.00
16.039679 32.800106 3.00 0.00 5.00
17.857170 38.637455 4.00 0.00 5.00
10.413614 9.647781 1.00 0.00 15.00
13.904025 23.767960 2.00 0.00 15.00
16.252785 32.073105 3.00 0.00 15.00
18.002422 38.185673 4.00 0.00 15.00
12.492326 7.224638 1.00 0.00 25.00
14.684258 21.749130 2.00 0.00 25.00
16.703297 30.758589 3.00 0.00 25.00
18.327589 37.264603 4.00 0.00 25.00
14.957608 5.578063 1.00 0.00 35.00
15.801788 19.557367 2.00 0.00 35.00
17.412224 29.044493 3.00 0.00 35.00
18.868023 35.892033 4.00 0.00 35.00
