8.967279 12.649117 1.00 5.00
13.457963 25.263933 2.00 5.00
16.016415 32.897282 3.00 5.00
17.840029 38.710468 4.00 5.00
9.487331 11.372695 1.00 15.00
13.606523 24.757898 2.00 15.00
16.092737 32.638206 3.00 15.00
17.891668 38.551979 4.00 15.00
10.380477 9.709414 1.00 25.00
13.891562 23.829470 2.00 25.00
16.244421 32.125034 3.00 25.00
17.995483 38.237789 4.00 25.00
11.536346 8.189211 1.00 35.00
14.312268 22.673132 2.00 35.00
16.484447 31.420435 3.00 35.00
18.167631 37.758133 4.00 35.00
8.901925 12.829325 1.00 2.50
13.440829 25.323244 2.00 2.50
16.007877 32.925549 3.00 2.50
17.834526 38.725716 4.00 2.50
9.036842 12.458714 1.00 7.50
13.477357 25.199730 2.00 7.50
16.026407 32.864326 3.00 7.50
17.846992 38.691822 4.00 7.50
9.175570 12.099082 1.00 10.00
13.515743 25.062677 2.00 10.00
16.045670 32.794743 3.00 10.00
17.859715 38.650429 4.00 10.00
9.891012 10.565100 1.00 20.00
13.729724 24.347174 2.00 20.00
16.158283 32.418701 3.00 20.00
17.935730 38.429417 4.00 20.00
