26.071009 35.920982 1.00 0.00 5.00
12.424213 11.169720 1.00 1.00 5.00
26.406530 36.239304 2.00 0.00 5.00
15.591537 21.098116 2.00 1.00 5.00
26.428547 36.278114 3.00 0.00 5.00
17.454967 25.505491 3.00 1.00 5.00
26.426929 36.292850 4.00 0.00 5.00
18.757069 28.033266 4.00 1.00 5.00
30.491541 14.840918 1.00 0.00 15.00
18.925470 19.310600 1.00 1.00 15.00
30.646372 15.447563 2.00 0.00 15.00
20.871210 21.004919 2.00 1.00 15.00
30.650043 15.490644 3.00 0.00 15.00
22.059210 22.162409 3.00 1.00 15.00
30.645527 15.496252 4.00 0.00 15.00
22.951244 23.208511 4.00 1.00 15.00
38.252644 13.498013 1.00 0.00 25.00
24.692799 36.826981 1.00 1.00 25.00
38.276958 13.526239 2.00 0.00 25.00
25.936970 33.943428 2.00 1.00 25.00
38.260239 13.542872 3.00 0.00 25.00
26.748569 33.102589 3.00 1.00 25.00
38.248711 13.552936 4.00 0.00 25.00
27.384449 32.934254 4.00 1.00 25.00
43.400177 17.596823 1.00 0.00 35.00
29.844183 56.496254 1.00 1.00 35.00
43.296139 17.373362 2.00 0.00 35.00
30.549738 50.349598 2.00 1.00 35.00
43.264774 17.369652 3.00 0.00 35.00
31.149595 48.373795 3.00 1.00 35.00
43.248608 17.378582 4.00 0.00 35.00
31.642380 47.547108 4.00 1.00 35.00
