29.790144 60.765648 1.00 0.00 0.00 1.00
9.251064 13.641882 1.00 1.00 0.00 1.00
30.234756 58.801163 2.00 0.00 0.00 1.00
13.697401 24.897873 2.00 1.00 0.00 1.00
30.265182 58.679409 3.00 0.00 0.00 1.00
15.973549 29.519508 3.00 1.00 0.00 1.00
30.265392 58.677711 4.00 0.00 0.00 1.00
17.456844 32.045158 4.00 1.00 0.00 1.00
29.905237 62.573238 1.00 0.00 1.00 1.00
9.253498 13.611504 1.00 1.00 1.00 1.00
30.349182 60.549999 2.00 0.00 1.00 1.00
13.700702 24.872482 2.00 1.00 1.00 1.00
30.379663 60.422379 3.00 0.00 1.00 1.00
15.979474 29.489038 3.00 1.00 1.00 1.00
30.379858 60.421032 4.00 0.00 1.00 1.00
17.464931 32.028389 4.00 1.00 1.00 1.00
30.013792 63.675865 1.00 0.00 2.00 1.00
9.385290 13.177264 1.00 1.00 2.00 1.00
30.456406 61.646542 2.00 0.00 2.00 1.00
13.788514 24.473225 2.00 1.00 2.00 1.00
30.486855 61.517105 3.00 0.00 2.00 1.00
16.055984 29.161781 3.00 1.00 2.00 1.00
30.487106 61.515255 4.00 0.00 2.00 1.00
17.534662 31.756929 4.00 1.00 2.00 1.00
32.732182 54.863983 1.00 0.00 0.00 5.00
9.678699 12.422321 1.00 1.00 0.00 5.00
33.074192 54.180649 2.00 0.00 0.00 5.00
13.706647 23.446671 2.00 1.00 0.00 5.00
33.094784 54.149540 3.00 0.00 0.00 5.00
15.729197 27.938610 3.00 1.00 0.00 5.00
33.093956 54.153214 4.00 0.00 0.00 5.00
17.047110 30.473892 4.00 1.00 0.00 5.00
33.472824 49.284531 1.00 0.00 0.00 15.00
11.693249 8.299529 1.00 1.00 0.00 15.00
33.612701 49.587914 2.00 0.00 0.00 15.00
14.236748 18.807158 2.00 1.00 0.00 15.00
33.614891 49.630615 3.00 0.00 0.00 15.00
15.767661 23.677166 3.00 1.00 0.00 15.00
33.610924 49.645397 4.00 0.00 0.00 15.00
16.863583 26.585066 4.00 1.00 0.00 15.00
34.535210 43.269634 1.00 0.00 0.00 25.00
14.713074 5.404593 1.00 1.00 0.00 25.00
34.411819 44.363422 2.00 0.00 0.00 25.00
15.747651 14.523218 2.00 1.00 0.00 25.00
34.390457 44.479286 3.00 0.00 0.00 25.00
16.785967 19.594088 3.00 1.00 0.00 25.00
34.381813 44.507320 4.00 0.00 0.00 25.00
17.670174 22.835974 4.00 1.00 0.00 25.00
36.305576 37.969177 1.00 0.00 0.00 35.00
18.171638 3.806962 1.00 1.00 0.00 35.00
35.888912 39.638683 2.00 0.00 0.00 35.00
17.912386 11.288565 2.00 1.00 0.00 35.00
35.839821 39.811443 3.00 0.00 0.00 35.00
18.466398 16.147676 3.00 1.00 0.00 35.00
35.825150 39.851768 4.00 0.00 0.00 35.00
19.118135 19.398279 4.00 1.00 0.00 35.00
31.410408 59.040791 1.00 0.00 0.00 2.50
9.335104 13.390473 1.00 1.00 0.00 2.50
31.818571 57.509136 2.00 0.00 0.00 2.50
13.711390 24.547297 2.00 1.00 0.00 2.50
31.845684 57.424023 3.00 0.00 0.00 2.50
15.929534 29.117739 3.00 1.00 0.00 2.50
31.845633 57.425602 4.00 0.00 0.00 2.50
17.376200 31.702187 4.00 1.00 0.00 2.50
32.960167 54.038185 1.00 0.00 0.00 7.50
9.978107 11.590531 1.00 1.00 0.00 7.50
33.264801 53.642338 2.00 0.00 0.00 7.50
13.728987 22.587557 2.00 1.00 0.00 7.50
33.281803 53.629372 3.00 0.00 0.00 7.50
15.644797 27.152155 3.00 1.00 0.00 7.50
33.280472 53.634918 4.00 0.00 0.00 7.50
16.907848 29.754335 4.00 1.00 0.00 7.50
33.104565 51.442360 1.00 0.00 0.00 10.00
10.520999 10.311952 1.00 1.00 0.00 10.00
33.353031 51.329746 2.00 0.00 0.00 10.00
13.833339 21.225105 2.00 1.00 0.00 10.00
33.364754 51.338291 3.00 0.00 0.00 10.00
15.604475 25.903608 3.00 1.00 0.00 10.00
33.362553 51.347008 4.00 0.00 0.00 10.00
16.801775 28.600479 4.00 1.00 0.00 10.00
33.890152 46.291412 1.00 0.00 0.00 20.00
13.120327 6.666749 1.00 1.00 0.00 20.00
33.906586 47.003922 2.00 0.00 0.00 20.00
14.902653 16.593822 2.00 1.00 0.00 20.00
33.897606 47.082920 3.00 0.00 0.00 20.00
16.192640 21.631392 3.00 1.00 0.00 20.00
33.891438 47.102962 4.00 0.00 0.00 20.00
17.182106 24.715439 4.00 1.00 0.00 20.00
30.287205 59.194374 5.00 0.00 0.00 1.00
18.548904 33.747612 5.00 1.00 0.00 1.00
30.396904 60.409069 5.00 0.00 1.00 1.00
18.560259 33.774044 5.00 1.00 1.00 1.00
30.475412 61.462467 5.00 0.00 2.00 1.00
18.624760 33.500793 5.00 1.00 2.00 1.00
31.812622 57.015018 5.00 0.00 0.00 2.50
18.440235 33.493160 5.00 1.00 0.00 2.50
33.138702 54.493843 5.00 0.00 0.00 5.00
18.020403 32.232685 5.00 1.00 0.00 5.00
33.223724 53.449379 5.00 0.00 0.00 7.50
17.838387 31.390587 5.00 1.00 0.00 7.50
33.390404 51.662666 5.00 0.00 0.00 10.00
17.710224 30.400232 5.00 1.00 0.00 10.00
33.515774 48.761162 5.00 0.00 0.00 15.00
17.698563 28.420050 5.00 1.00 0.00 15.00
33.887997 47.230801 5.00 0.00 0.00 20.00
17.966223 26.856647 5.00 1.00 0.00 20.00
34.369659 44.514561 5.00 0.00 0.00 25.00
18.400436 25.038092 5.00 1.00 0.00 25.00
35.641758 38.831509 5.00 0.00 0.00 35.00
19.720419 21.701355 5.00 1.00 0.00 35.00
