14.943069 5.704790 1.00 0.05
15.774212 19.267593 2.00 0.05
17.394363 28.648949 3.00 0.05
18.856010 35.452641 4.00 0.05
23.737404 5.216753 1.00 0.15
21.161455 13.676833 2.00 0.15
21.519381 21.413271 3.00 0.15
22.369595 27.646685 4.00 0.15
31.378366 9.212789 1.00 0.25
27.028986 14.828713 2.00 0.25
26.605247 20.212238 3.00 0.25
27.007854 24.811914 4.00 0.25
38.631798 17.090605 1.00 0.35
33.196407 22.129026 2.00 0.35
32.272926 26.065201 3.00 0.35
32.359360 29.306187 4.00 0.35
12.191741 7.480639 1.00 0.03
14.537497 21.960770 2.00 0.03
16.605793 30.923939 3.00 0.03
18.252741 37.369080 4.00 0.03
17.337391 4.885529 1.00 0.07
17.055676 17.081505 2.00 0.07
18.294252 26.355280 3.00 0.07
19.583076 33.247047 4.00 0.07
19.536772 4.652714 1.00 0.10
18.361610 15.487700 2.00 0.10
19.273018 24.363457 3.00 0.10
20.404699 31.147175 4.00 0.10
27.697050 6.862035 1.00 0.20
24.121933 13.553431 2.00 0.20
24.040747 19.955019 3.00 0.20
24.645823 25.307409 4.00 0.20
