11.033137 9.995003 1.00 5.00
14.405231 22.639132 2.00 5.00
16.696220 30.688440 3.00 5.00
18.411562 36.748508 4.00 5.00
16.163338 13.347422 1.00 15.00
18.092308 19.377182 2.00 15.00
19.841015 25.480810 3.00 15.00
21.267035 30.623877 4.00 15.00
21.831245 26.058130 1.00 25.00
22.985231 25.608889 2.00 25.00
24.330162 28.632576 3.00 25.00
25.499990 31.899927 4.00 25.00
27.635798 45.874493 1.00 35.00
28.380198 40.781445 2.00 35.00
29.452019 41.184204 3.00 35.00
30.424776 42.651978 4.00 35.00
9.688003 11.224282 1.00 2.50
13.724669 24.440729 2.00 2.50
16.188969 32.355366 3.00 2.50
17.978138 38.287975 4.00 2.50
11.976343 9.812242 1.00 7.50
14.982800 21.441181 2.00 7.50
17.158180 29.347763 3.00 7.50
18.818701 35.368935 4.00 7.50
13.478259 10.341503 1.00 10.00
16.016216 20.036257 2.00 10.00
18.023903 27.455757 3.00 10.00
19.595415 33.289829 4.00 10.00
18.966427 18.695396 1.00 20.00
20.444305 21.260700 2.00 20.00
21.971994 25.802567 3.00 20.00
23.261152 30.025341 4.00 20.00
19.407614 43.207066 5.00 2.50
19.794306 41.746964 5.00 5.00
20.179499 40.333710 5.00 7.50
20.906624 38.126877 5.00 10.00
22.442394 35.094879 5.00 15.00
24.313921 33.758900 5.00 20.00
26.468664 34.843151 5.00 25.00
31.251421 44.152851 5.00 35.00
