32.086952 60.210392 1.00 0.00 5.00
10.742131 10.132718 1.00 1.00 5.00
32.485123 58.641548 2.00 0.00 5.00
14.702140 21.033880 2.00 1.00 5.00
32.511616 58.546642 3.00 0.00 5.00
16.773039 25.775841 3.00 1.00 5.00
32.511593 58.544975 4.00 0.00 5.00
18.130312 28.509941 4.00 1.00 5.00
35.799931 50.132767 1.00 0.00 15.00
17.835838 4.786764 1.00 1.00 15.00
36.129318 49.333202 2.00 0.00 15.00
20.466236 11.446677 2.00 1.00 15.00
36.150352 49.276066 3.00 0.00 15.00
21.935841 14.935273 3.00 1.00 15.00
36.150036 49.274082 4.00 0.00 15.00
22.929924 17.092733 4.00 1.00 15.00
40.912380 42.571953 1.00 0.00 25.00
26.478899 4.747294 1.00 1.00 25.00
41.184086 42.109406 2.00 0.00 25.00
28.304377 8.135530 2.00 1.00 25.00
41.201046 42.065620 3.00 0.00 25.00
29.353439 10.096259 3.00 1.00 25.00
41.200680 42.062729 4.00 0.00 25.00
30.076866 11.343899 4.00 1.00 25.00
47.083641 40.908600 1.00 0.00 35.00
35.388962 7.745565 1.00 1.00 35.00
47.307968 40.532333 2.00 0.00 35.00
36.736897 9.353644 2.00 1.00 35.00
47.321774 40.487614 3.00 0.00 35.00
37.522293 10.292907 3.00 1.00 35.00
47.321335 40.483326 4.00 0.00 35.00
38.073086 10.862223 4.00 1.00 35.00
