14.910763 17.070137 0.25 10.00 1.00 5.00
16.424131 17.036358 0.25 10.00 2.00 5.00
16.720827 17.591328 0.25 10.00 3.00 5.00
14.899249 17.075533 0.25 20.00 1.00 5.00
16.113827 16.397188 0.25 20.00 2.00 5.00
16.225878 16.603674 0.25 20.00 3.00 5.00
14.898922 17.062769 0.25 30.00 1.00 5.00
16.051453 16.276810 0.25 30.00 2.00 5.00
16.104498 16.374641 0.25 30.00 3.00 5.00
14.899249 17.075533 0.50 10.00 1.00 5.00
16.117064 16.402929 0.50 10.00 2.00 5.00
16.230471 16.613140 0.50 10.00 3.00 5.00
14.903866 17.059143 0.50 20.00 1.00 5.00
16.031397 16.235807 0.50 20.00 2.00 5.00
16.060947 16.291960 0.50 20.00 3.00 5.00
14.922140 17.065105 0.50 30.00 1.00 5.00
16.019228 16.201656 0.50 30.00 2.00 5.00
16.029373 16.230274 0.50 30.00 3.00 5.00
14.898922 17.062769 0.75 10.00 1.00 5.00
16.055967 16.284113 0.75 10.00 2.00 5.00
16.110790 16.387613 0.75 10.00 3.00 5.00
14.922140 17.065105 0.75 20.00 1.00 5.00
16.019892 16.203257 0.75 20.00 2.00 5.00
16.030380 16.233061 0.75 20.00 3.00 5.00
14.892708 17.077700 0.75 30.00 1.00 5.00
16.018059 16.198616 0.75 30.00 2.00 5.00
16.019272 16.201908 0.75 30.00 3.00 5.00
25.836632 51.211754 0.25 10.00 1.00 15.00
20.348459 24.452898 0.25 10.00 2.00 15.00
20.636501 24.884502 0.25 10.00 3.00 15.00
25.817774 51.215366 0.25 20.00 1.00 15.00
20.022388 23.614172 0.25 20.00 2.00 15.00
20.118240 23.717800 0.25 20.00 3.00 15.00
25.816992 51.180065 0.25 30.00 1.00 15.00
19.962507 23.485275 0.25 30.00 2.00 15.00
20.006464 23.532734 0.25 30.00 3.00 15.00
25.817774 51.215366 0.50 10.00 1.00 15.00
20.026686 23.625504 0.50 10.00 2.00 15.00
20.122936 23.730198 0.50 10.00 3.00 15.00
25.825367 51.174816 0.50 20.00 1.00 15.00
19.943758 23.448723 0.50 20.00 2.00 15.00
19.967764 23.470037 0.50 20.00 3.00 15.00
25.856016 51.203201 0.50 30.00 1.00 15.00
19.932245 23.406765 0.50 30.00 2.00 15.00
19.940086 23.430527 0.50 30.00 3.00 15.00
25.816992 51.180065 0.75 10.00 1.00 15.00
19.968437 23.499956 0.75 10.00 2.00 15.00
20.013060 23.549236 0.75 10.00 3.00 15.00
25.856016 51.203201 0.75 20.00 1.00 15.00
19.933121 23.410456 0.75 20.00 2.00 15.00
19.941200 23.433556 0.75 20.00 3.00 15.00
25.807106 51.213760 0.75 30.00 1.00 15.00
19.932589 23.405851 0.75 30.00 2.00 15.00
19.931908 23.402803 0.75 30.00 3.00 15.00
33.331284 85.545273 0.25 10.00 1.00 25.00
25.172052 38.570782 0.25 10.00 2.00 25.00
25.451967 39.075932 0.25 10.00 3.00 25.00
33.307030 85.547775 0.25 20.00 1.00 25.00
24.884502 37.619335 0.25 20.00 2.00 25.00
24.968557 37.665279 0.25 20.00 3.00 25.00
33.306072 85.488976 0.25 30.00 1.00 25.00
24.834639 37.495934 0.25 30.00 2.00 25.00
24.872269 37.512074 0.25 30.00 3.00 25.00
33.307030 85.547775 0.50 10.00 1.00 25.00
24.888487 37.637157 0.50 10.00 2.00 25.00
24.972908 37.681267 0.50 10.00 3.00 25.00
33.316738 85.480476 0.50 20.00 1.00 25.00
24.819229 37.468430 0.50 20.00 2.00 25.00
24.839649 37.467289 0.50 20.00 3.00 25.00
33.356312 85.527008 0.50 30.00 1.00 25.00
24.809145 37.424393 0.50 30.00 2.00 25.00
24.816319 37.442593 0.50 30.00 3.00 25.00
33.306072 85.488976 0.75 10.00 1.00 25.00
24.839998 37.519241 0.75 10.00 2.00 25.00
24.878220 37.533798 0.75 10.00 3.00 25.00
33.356312 85.527008 0.75 20.00 1.00 25.00
24.809921 37.429188 0.75 20.00 2.00 25.00
24.817314 37.446671 0.75 20.00 3.00 25.00
33.293365 85.542336 0.75 30.00 1.00 25.00
24.809332 37.420952 0.75 30.00 2.00 25.00
24.808969 37.416847 0.75 30.00 3.00 25.00
39.360096 119.276901 0.25 10.00 1.00 35.00
30.359140 58.450405 0.25 10.00 2.00 35.00
30.632944 59.189049 0.25 10.00 3.00 35.00
39.331432 119.277054 0.25 20.00 1.00 35.00
30.142794 57.728146 0.25 20.00 2.00 35.00
30.220005 57.779224 0.25 20.00 3.00 35.00
39.330235 119.196022 0.25 30.00 1.00 35.00
30.107424 57.669994 0.25 30.00 2.00 35.00
30.140997 57.677914 0.25 30.00 3.00 35.00
39.331432 119.277054 0.50 10.00 1.00 35.00
30.145353 57.747536 0.50 10.00 2.00 35.00
30.223377 57.797802 0.50 10.00 3.00 35.00
39.343067 119.187531 0.50 20.00 1.00 35.00
30.096437 57.668720 0.50 20.00 2.00 35.00
30.115061 57.664108 0.50 20.00 3.00 35.00
39.389313 119.243546 0.50 30.00 1.00 35.00
30.088676 57.647709 0.50 30.00 2.00 35.00
30.096201 57.656685 0.50 30.00 3.00 35.00
39.330235 119.196022 0.75 10.00 1.00 35.00
30.110815 57.695362 0.75 10.00 2.00 35.00
30.145470 57.704102 0.75 10.00 3.00 35.00
39.389313 119.243546 0.75 20.00 1.00 35.00
30.089184 57.652367 0.75 20.00 2.00 35.00
30.096952 57.661171 0.75 20.00 3.00 35.00
39.315331 119.268250 0.75 30.00 1.00 35.00
30.087934 57.643402 0.75 30.00 2.00 35.00
30.089144 57.645092 0.75 30.00 3.00 35.00
