7.699403 11.528271 1.00 0.00 1.00
12.101184 23.982790 2.00 0.00 1.00
14.682856 31.688971 3.00 0.00 1.00
16.576078 37.776070 4.00 0.00 1.00
7.717307 11.599661 1.00 1.00 1.00
12.113398 24.073528 2.00 1.00 1.00
14.694793 31.779400 3.00 1.00 1.00
16.587812 37.862797 4.00 1.00 1.00
7.890656 11.213184 1.00 2.00 1.00
12.223915 23.753149 2.00 2.00 1.00
14.785413 31.485516 3.00 2.00 1.00
16.669235 37.598400 4.00 2.00 1.00
8.122202 10.503354 1.00 0.00 5.00
12.216669 23.406494 2.00 0.00 5.00
14.732736 31.278664 3.00 0.00 5.00
16.601955 37.410622 4.00 0.00 5.00
10.428701 7.355569 1.00 0.00 15.00
13.053834 20.800705 2.00 0.00 15.00
15.220249 29.309511 3.00 0.00 15.00
16.961075 35.583263 4.00 0.00 15.00
13.527546 5.275312 1.00 0.00 25.00
14.412217 18.034761 2.00 0.00 25.00
16.085373 26.964472 3.00 0.00 25.00
17.649349 33.358398 4.00 0.00 25.00
16.884007 4.081323 1.00 0.00 35.00
16.036581 15.635348 2.00 0.00 35.00
17.152649 24.772959 3.00 0.00 35.00
18.503307 31.299778 4.00 0.00 35.00
7.762049 11.351764 1.00 0.00 2.50
12.117051 23.891018 2.00 0.00 2.50
14.687767 31.633032 3.00 0.00 2.50
16.577921 37.728146 4.00 0.00 2.50
8.477384 9.841486 1.00 0.00 7.50
12.328021 22.951477 2.00 0.00 7.50
14.791064 30.946846 3.00 0.00 7.50
16.640806 37.106007 4.00 0.00 7.50
9.120141 8.848395 1.00 0.00 10.00
12.552812 22.205805 2.00 0.00 10.00
14.923066 30.364956 3.00 0.00 10.00
16.733953 36.530445 4.00 0.00 10.00
11.915117 6.185213 1.00 0.00 20.00
13.681491 19.385921 2.00 0.00 20.00
15.616569 28.164679 3.00 0.00 20.00
17.272669 34.484638 4.00 0.00 20.00
