6.172609 6.056989 1.00 0.50 5.00
5.237061 4.178718 1.00 0.70 5.00
4.426972 2.554130 1.00 1.00 5.00
4.063361 1.692511 1.00 1.30 5.00
3.958244 1.336491 1.00 1.50 5.00
3.905418 1.093804 1.00 1.70 5.00
3.872854 0.864646 1.00 2.00 5.00
8.267843 9.843678 2.00 0.50 5.00
6.660606 6.247728 2.00 0.70 5.00
5.082116 3.183468 2.00 1.00 5.00
4.274987 1.708152 2.00 1.30 5.00
3.994418 1.176301 2.00 1.50 5.00
3.827826 0.840849 2.00 1.70 5.00
3.692889 0.545168 2.00 2.00 5.00
9.575110 11.903909 3.00 0.50 5.00
7.573754 7.211857 3.00 0.70 5.00
5.477038 3.248546 3.00 1.00 5.00
4.346024 1.489971 3.00 1.30 5.00
3.952253 0.928919 3.00 1.50 5.00
3.725387 0.607362 3.00 1.70 5.00
3.551431 0.350652 3.00 2.00 5.00
10.563740 13.496659 4.00 0.50 5.00
8.291720 7.984375 4.00 0.70 5.00
5.817240 3.340001 4.00 1.00 5.00
4.425132 1.373194 4.00 1.30 5.00
3.940141 0.797852 4.00 1.50 5.00
3.668740 0.491985 4.00 1.70 5.00
3.472572 0.265534 4.00 2.00 5.00
7.615154 4.749722 1.00 0.50 15.00
7.261437 2.772645 1.00 0.70 15.00
7.306859 1.274229 1.00 1.00 15.00
7.588611 0.672628 1.00 1.30 15.00
7.777649 0.483433 1.00 1.50 15.00
7.948408 0.369123 1.00 1.70 15.00
8.144890 0.282530 1.00 2.00 15.00
9.265602 8.778599 2.00 0.50 15.00
8.267096 4.690972 2.00 0.70 15.00
7.763453 1.634643 2.00 1.00 15.00
7.891572 0.608959 2.00 1.30 15.00
8.066486 0.355682 2.00 1.50 15.00
8.234254 0.233057 2.00 1.70 15.00
8.426399 0.151838 2.00 2.00 15.00
10.454804 11.050123 3.00 0.50 15.00
9.030349 5.743443 3.00 0.70 15.00
8.059406 1.735539 3.00 1.00 15.00
7.997506 0.521844 3.00 1.30 15.00
8.137639 0.274608 3.00 1.50 15.00
8.295285 0.172654 3.00 1.70 15.00
8.488165 0.114735 3.00 2.00 15.00
11.386489 12.766283 4.00 0.50 15.00
9.654668 6.577990 4.00 0.70 15.00
8.306803 1.843207 4.00 1.00 15.00
8.065172 0.477882 4.00 1.30 15.00
8.167439 0.235503 4.00 1.50 15.00
8.314445 0.147505 4.00 1.70 15.00
8.509510 0.103161 4.00 2.00 15.00
9.585501 3.486930 1.00 0.50 25.00
9.899139 1.812883 1.00 0.70 25.00
10.788353 0.756879 1.00 1.00 25.00
11.632072 0.424567 1.00 1.30 25.00
12.060638 0.341676 1.00 1.50 25.00
12.392653 0.301056 1.00 1.70 25.00
12.791546 0.274746 1.00 2.00 25.00
10.700632 7.210460 2.00 0.50 25.00
10.555167 3.231417 2.00 0.70 25.00
11.275740 0.889540 2.00 1.00 25.00
12.237153 0.350960 2.00 1.30 25.00
12.754477 0.263460 2.00 1.50 25.00
13.148890 0.235413 2.00 1.70 25.00
13.541220 0.228213 2.00 2.00 25.00
11.717382 9.473080 3.00 0.50 25.00
11.166687 4.106493 3.00 0.70 25.00
11.552840 0.935222 3.00 1.00 25.00
12.450727 0.312276 3.00 1.30 25.00
12.978643 0.239553 3.00 1.50 25.00
13.380965 0.225638 3.00 1.70 25.00
13.773266 0.229800 3.00 2.00 25.00
12.559857 11.235936 4.00 0.50 25.00
11.689732 4.860935 4.00 0.70 25.00
11.757800 1.006018 4.00 1.00 25.00
12.553197 0.296396 4.00 1.30 25.00
13.070139 0.230044 4.00 1.50 25.00
13.471953 0.223573 4.00 1.70 25.00
13.866128 0.233715 4.00 2.00 25.00
11.811275 2.589056 1.00 0.50 35.00
12.775995 1.276628 1.00 0.70 35.00
14.431462 0.593137 1.00 1.00 35.00
15.764294 0.446604 1.00 1.30 35.00
16.400124 0.432461 1.00 1.50 35.00
16.881126 0.438704 1.00 1.70 35.00
17.448139 0.456506 1.00 2.00 35.00
12.423432 5.735646 2.00 0.50 35.00
13.195761 2.234410 2.00 0.70 35.00
15.078462 0.620141 2.00 1.00 35.00
16.745695 0.409617 2.00 1.30 35.00
17.537832 0.419170 2.00 1.50 35.00
18.104996 0.443663 2.00 1.70 35.00
18.655603 0.479257 2.00 2.00 35.00
13.262307 7.811112 3.00 0.50 35.00
13.697230 2.891619 3.00 0.70 35.00
15.398352 0.641644 3.00 1.00 35.00
17.101500 0.406031 3.00 1.30 35.00
17.929277 0.430646 3.00 1.50 35.00
18.511759 0.465792 3.00 1.70 35.00
19.044146 0.505759 3.00 2.00 35.00
14.004267 9.480041 4.00 0.50 35.00
14.135715 3.486323 4.00 0.70 35.00
15.597886 0.678123 4.00 1.00 35.00
17.258026 0.403320 4.00 1.30 35.00
18.090065 0.436296 4.00 1.50 35.00
18.674541 0.477027 4.00 1.70 35.00
19.199501 0.520847 4.00 2.00 35.00
5.926835 6.255669 1.00 0.50 2.50
4.897853 4.496101 1.00 0.70 2.50
3.925669 3.002725 1.00 1.00 2.50
3.404652 2.185058 1.00 1.30 2.50
3.208385 1.828561 1.00 1.50 2.50
3.078726 1.577123 1.00 1.70 2.50
2.969383 1.314881 1.00 2.00 2.50
8.089234 9.892121 2.00 0.50 2.50
6.406188 6.464282 2.00 0.70 2.50
4.666415 3.597694 2.00 1.00 2.50
3.659835 2.184926 2.00 1.30 2.50
3.249804 1.640934 2.00 1.50 2.50
2.968307 1.273155 2.00 1.70 2.50
2.697144 0.918820 2.00 2.00 2.50
9.410567 11.881445 3.00 0.50 2.50
7.341857 7.359061 3.00 0.70 2.50
5.090463 3.603408 3.00 1.00 2.50
3.740439 1.903613 3.00 1.30 2.50
3.193284 1.320652 3.00 1.50 2.50
2.825982 0.958272 3.00 1.70 2.50
2.480478 0.635626 3.00 2.00 2.50
10.404963 13.437543 4.00 0.50 2.50
8.071905 8.090137 4.00 0.70 2.50
5.450300 3.657111 4.00 1.00 2.50
3.829809 1.744996 4.00 1.30 2.50
3.175036 1.142385 4.00 1.50 2.50
2.744427 0.792637 4.00 1.70 2.50
2.352767 0.499235 4.00 2.00 2.50
6.399625 5.843591 1.00 0.50 7.50
5.558649 3.896591 1.00 0.70 7.50
4.899904 2.227155 1.00 1.00 7.50
4.666669 1.383678 1.00 1.30 7.50
4.625711 1.057373 1.00 1.50 7.50
4.624702 0.841075 1.00 1.70 7.50
4.641087 0.648618 1.00 2.00 7.50
8.425806 9.722583 2.00 0.50 7.50
6.904849 5.994647 2.00 0.70 7.50
5.496863 2.825984 2.00 1.00 7.50
4.866548 1.382244 2.00 1.30 7.50
4.684321 0.900331 2.00 1.50 7.50
4.596389 0.614218 2.00 1.70 7.50
4.545414 0.377832 2.00 2.00 7.50
9.716469 11.840837 3.00 0.50 7.50
7.793349 7.008463 3.00 0.70 7.50
5.868040 2.924531 3.00 1.00 7.50
4.936326 1.205464 3.00 1.30 7.50
4.659208 0.703335 3.00 1.50 7.50
4.525465 0.435720 3.00 1.70 7.50
4.450867 0.237350 3.00 2.00 7.50
10.696547 13.461926 4.00 0.50 7.50
8.495684 7.809941 4.00 0.70 7.50
6.187214 3.036615 4.00 1.00 7.50
5.008112 1.113124 4.00 1.30 7.50
4.653047 0.600733 4.00 1.50 7.50
4.484955 0.349984 4.00 1.70 7.50
4.398120 0.178730 4.00 2.00 7.50
6.805244 5.449564 1.00 0.50 10.00
6.133312 3.444763 1.00 0.70 10.00
5.732659 1.788268 1.00 1.00 10.00
5.700258 1.022619 1.00 1.30 10.00
5.750573 0.752933 1.00 1.50 10.00
5.820072 0.580303 1.00 1.70 10.00
5.902689 0.438952 1.00 2.00 10.00
8.704779 9.439371 2.00 0.50 10.00
7.351910 5.535141 2.00 0.70 10.00
6.256270 2.314834 2.00 1.00 10.00
5.913295 0.997716 2.00 1.30 10.00
5.875841 0.607436 2.00 1.50 10.00
5.895499 0.394343 2.00 1.70 10.00
5.951244 0.233099 2.00 2.00 10.00
9.963471 11.629800 3.00 0.50 10.00
8.196754 6.591862 3.00 0.70 10.00
6.593833 2.430830 3.00 1.00 10.00
5.990358 0.866250 3.00 1.30 10.00
5.883471 0.468657 3.00 1.50 10.00
5.874361 0.277153 3.00 1.70 10.00
5.920377 0.149079 3.00 2.00 10.00
10.928985 13.295538 4.00 0.50 10.00
8.873005 7.425184 4.00 0.70 10.00
6.884426 2.556793 4.00 1.00 10.00
6.057299 0.799342 4.00 1.30 10.00
5.889840 0.398166 4.00 1.50 10.00
5.858005 0.223298 4.00 1.70 10.00
5.900116 0.116488 4.00 2.00 10.00
8.552809 4.091872 1.00 0.50 20.00
8.534718 2.235012 1.00 0.70 20.00
9.014143 0.951572 1.00 1.00 20.00
9.586156 0.497188 1.00 1.30 20.00
9.900632 0.367788 1.00 1.50 20.00
10.154977 0.295894 1.00 1.70 20.00
10.458680 0.243559 1.00 2.00 20.00
9.936779 8.022971 2.00 0.50 20.00
9.350489 3.910452 2.00 0.70 20.00
9.462379 1.179428 2.00 1.00 20.00
10.023762 0.421064 2.00 1.30 20.00
10.380390 0.264042 2.00 1.50 20.00
10.670048 0.197754 2.00 1.70 20.00
10.970363 0.161168 2.00 2.00 20.00
11.043611 10.319427 3.00 0.50 20.00
10.033206 4.892136 3.00 0.70 20.00
9.736957 1.252614 3.00 1.00 20.00
10.174576 0.362791 3.00 1.30 20.00
10.522259 0.217561 3.00 1.50 20.00
10.813152 0.167957 3.00 1.70 20.00
11.116794 0.147395 3.00 2.00 20.00
11.934016 12.079415 4.00 0.50 20.00
10.606568 5.708137 4.00 0.70 20.00
9.958514 1.347584 4.00 1.00 20.00
10.257208 0.338124 4.00 1.30 20.00
10.582227 0.198018 4.00 1.50 20.00
10.868548 0.158310 4.00 1.70 20.00
11.175167 0.145943 4.00 2.00 20.00
