-14.814442
-14.666825
-7.501307
-12.226386
-11.226464
-16.284681
-13.504090
-12.254417
-9.506409
-17.241413
-15.015451
-14.537884
-14.042769
-9.878598
-10.324181
-11.420051
-11.482368
-14.038019
-14.757631
-14.062387
-13.830322
-14.340305
-20.272943
-16.085073
-17.872526
-14.540188
-10.728346
-9.198005
-11.449438
-13.188780
-17.221954
-8.510143
-15.536715
-15.525169
-8.542389
-14.380876
-15.029163
-13.607780
-16.262104
-14.204049
-18.513391
-15.919356
-19.850578
-15.669077
-12.696056
-14.695520
-9.643426
-17.536499
-14.666941
-12.632507
-16.207626
-15.823592
-14.341240
-14.705544
-14.544741
-16.079727
-12.865511
-15.775393
-16.476875
-13.698593
-15.400182
-16.061275
-17.647091
-12.483606
-17.160534
-17.791193
-10.718195
-17.028305
-13.703533
-14.150089
-11.803284
-16.651676
-9.979362
-17.671497
-14.402657
-15.418873
-14.547529
-16.824907
-17.252844
-15.656496
-17.027443
-15.416615
-16.285965
-16.266834
-13.372456
-15.217983
-19.106625
-14.551110
-17.784775
-7.861906
-14.802254
-15.750103
-14.299118
-17.928190
-16.748890
-16.220133
-17.060648
-15.239049
-10.641262
-10.755554

Mean : 14.461443 
Variance : 7.179374