17.810917 0.183018 0.25 10.00 1.00 0.05
22.495455 1.993992 0.25 10.00 2.00 0.05
22.336044 1.993414 0.25 10.00 3.00 0.05
17.810928 0.183022 0.25 20.00 1.00 0.05
22.676094 2.012372 0.25 20.00 2.00 0.05
22.628738 2.031260 0.25 20.00 3.00 0.05
17.810926 0.183022 0.25 30.00 1.00 0.05
22.708006 2.008421 0.25 30.00 2.00 0.05
22.687159 2.020429 0.25 30.00 3.00 0.05
17.810928 0.183022 0.50 10.00 1.00 0.05
22.673267 2.010254 0.50 10.00 2.00 0.05
22.626326 2.031035 0.50 10.00 3.00 0.05
17.810925 0.183021 0.50 20.00 1.00 0.05
22.717625 2.006337 0.50 20.00 2.00 0.05
22.706350 2.014050 0.50 20.00 3.00 0.05
17.810915 0.183015 0.50 30.00 1.00 0.05
22.724201 2.005188 0.50 30.00 2.00 0.05
22.719986 2.009197 0.50 30.00 3.00 0.05
17.810926 0.183022 0.75 10.00 1.00 0.05
22.704079 2.005375 0.75 10.00 2.00 0.05
22.683474 2.019618 0.75 10.00 3.00 0.05
17.810915 0.183015 0.75 20.00 1.00 0.05
22.723555 2.004578 0.75 20.00 2.00 0.05
22.719366 2.009105 0.75 20.00 3.00 0.05
17.810936 0.183022 0.75 30.00 1.00 0.05
22.724144 2.003117 0.75 30.00 2.00 0.05
22.724634 2.005568 0.75 30.00 3.00 0.05
13.066520 0.183215 0.25 10.00 1.00 0.15
19.586454 0.851885 0.25 10.00 2.00 0.15
19.417679 0.820602 0.25 10.00 3.00 0.15
13.066521 0.183215 0.25 20.00 1.00 0.15
19.737303 0.823541 0.25 20.00 2.00 0.15
19.700411 0.822770 0.25 20.00 3.00 0.15
13.066523 0.183215 0.25 30.00 1.00 0.15
19.758350 0.814932 0.25 30.00 2.00 0.15
19.744104 0.816947 0.25 30.00 3.00 0.15
13.066521 0.183215 0.50 10.00 1.00 0.15
19.734247 0.822758 0.50 10.00 2.00 0.15
19.698387 0.822620 0.50 10.00 3.00 0.15
13.066523 0.183215 0.50 20.00 1.00 0.15
19.764059 0.811842 0.50 20.00 2.00 0.15
19.756897 0.813318 0.50 20.00 3.00 0.15
13.066519 0.183215 0.50 30.00 1.00 0.15
19.768307 0.810090 0.50 30.00 2.00 0.15
19.765427 0.811658 0.50 30.00 3.00 0.15
13.066523 0.183215 0.75 10.00 1.00 0.15
19.754112 0.813786 0.75 10.00 2.00 0.15
19.740946 0.816577 0.75 10.00 3.00 0.15
13.066519 0.183215 0.75 20.00 1.00 0.15
19.767570 0.809888 0.75 20.00 2.00 0.15
19.764847 0.811553 0.75 20.00 3.00 0.15
13.066523 0.183215 0.75 30.00 1.00 0.15
19.767963 0.808558 0.75 30.00 2.00 0.15
19.768471 0.809492 0.75 30.00 3.00 0.15
10.864684 0.177638 0.25 10.00 1.00 0.25
17.593254 0.750716 0.25 10.00 2.00 0.25
17.409832 0.706381 0.25 10.00 3.00 0.25
10.864685 0.177638 0.25 20.00 1.00 0.25
17.702526 0.711735 0.25 20.00 2.00 0.25
17.666824 0.703803 0.25 20.00 3.00 0.25
10.864685 0.177638 0.25 30.00 1.00 0.25
17.713623 0.702832 0.25 30.00 2.00 0.25
17.700651 0.700898 0.25 30.00 3.00 0.25
10.864685 0.177638 0.50 10.00 1.00 0.25
17.699902 0.711513 0.50 10.00 2.00 0.25
17.665108 0.703809 0.50 10.00 3.00 0.25
10.864684 0.177638 0.50 20.00 1.00 0.25
17.716000 0.699515 0.50 20.00 2.00 0.25
17.709558 0.698704 0.50 20.00 3.00 0.25
10.864684 0.177638 0.50 30.00 1.00 0.25
17.717918 0.697416 0.50 30.00 2.00 0.25
17.715279 0.697795 0.50 30.00 3.00 0.25
10.864685 0.177638 0.75 10.00 1.00 0.25
17.709955 0.702471 0.75 10.00 2.00 0.25
17.698027 0.700825 0.75 10.00 3.00 0.25
10.864684 0.177638 0.75 20.00 1.00 0.25
17.717300 0.697352 0.75 20.00 2.00 0.25
17.714808 0.697773 0.75 20.00 3.00 0.25
10.864685 0.177638 0.75 30.00 1.00 0.25
17.717373 0.696140 0.75 30.00 2.00 0.25
17.717300 0.696415 0.75 30.00 3.00 0.25
9.394702 0.180551 0.25 10.00 1.00 0.35
16.027416 0.855058 0.25 10.00 2.00 0.35
15.830201 0.796014 0.25 10.00 3.00 0.35
9.394702 0.180551 0.25 20.00 1.00 0.35
16.101721 0.818676 0.25 20.00 2.00 0.35
16.064835 0.806484 0.25 20.00 3.00 0.35
9.394702 0.180551 0.25 30.00 1.00 0.35
16.105314 0.810364 0.25 30.00 2.00 0.35
16.092064 0.806153 0.25 30.00 3.00 0.35
9.394702 0.180551 0.50 10.00 1.00 0.35
16.099634 0.818650 0.50 10.00 2.00 0.35
16.063484 0.806584 0.50 10.00 3.00 0.35
9.394702 0.180551 0.50 20.00 1.00 0.35
16.105139 0.807156 0.50 20.00 2.00 0.35
16.098560 0.805111 0.50 20.00 3.00 0.35
9.394702 0.180551 0.50 30.00 1.00 0.35
16.105310 0.804820 0.50 30.00 2.00 0.35
16.102541 0.804540 0.50 30.00 3.00 0.35
9.394702 0.180551 0.75 10.00 1.00 0.35
16.102449 0.810283 0.75 10.00 2.00 0.35
16.090008 0.806170 0.75 10.00 3.00 0.35
9.394702 0.180551 0.75 20.00 1.00 0.35
16.104834 0.804808 0.75 20.00 2.00 0.35
16.102184 0.804541 0.75 20.00 3.00 0.35
9.394702 0.180551 0.75 30.00 1.00 0.35
16.104483 0.803751 0.75 30.00 2.00 0.35
16.103916 0.803586 0.75 30.00 3.00 0.35
20.930487 0.185103 0.25 10.00 1.00 0.03
23.573353 3.215135 0.25 10.00 2.00 0.03
23.412941 3.230002 0.25 10.00 3.00 0.03
20.930527 0.185117 0.25 20.00 1.00 0.03
23.752453 3.252322 0.25 20.00 2.00 0.03
23.697382 3.277128 0.25 20.00 3.00 0.03
20.930531 0.185118 0.25 30.00 1.00 0.03
23.786760 3.251011 0.25 30.00 2.00 0.03
23.761396 3.266000 0.25 30.00 3.00 0.03
20.930527 0.185117 0.50 10.00 1.00 0.03
23.750095 3.249890 0.50 10.00 2.00 0.03
23.694904 3.277131 0.50 10.00 3.00 0.03
20.930517 0.185117 0.50 20.00 1.00 0.03
23.797520 3.249099 0.50 20.00 2.00 0.03
23.783466 3.259096 0.50 20.00 3.00 0.03
20.930471 0.185090 0.50 30.00 1.00 0.03
23.804661 3.247985 0.50 30.00 2.00 0.03
23.799423 3.252856 0.50 30.00 3.00 0.03
20.930531 0.185118 0.75 10.00 1.00 0.03
23.783499 3.247615 0.75 10.00 2.00 0.03
23.757719 3.265315 0.75 10.00 3.00 0.03
20.930471 0.185090 0.75 20.00 1.00 0.03
23.804167 3.247344 0.75 20.00 2.00 0.03
23.798851 3.252854 0.75 20.00 3.00 0.03
20.930561 0.185116 0.75 30.00 1.00 0.03
23.805054 3.245918 0.75 30.00 2.00 0.03
23.804956 3.248723 0.75 30.00 3.00 0.03
16.074970 0.180499 0.25 10.00 1.00 0.07
21.629309 1.434829 0.25 10.00 2.00 0.07
21.469824 1.424191 0.25 10.00 3.00 0.07
16.074972 0.180501 0.25 20.00 1.00 0.07
21.805456 1.435599 0.25 20.00 2.00 0.07
21.762957 1.448136 0.25 20.00 3.00 0.07
16.074974 0.180501 0.25 30.00 1.00 0.07
21.834620 1.429740 0.25 30.00 2.00 0.07
21.816677 1.438436 0.25 30.00 3.00 0.07
16.074972 0.180501 0.50 10.00 1.00 0.07
21.802410 1.433920 0.50 10.00 2.00 0.07
21.760654 1.447892 0.50 10.00 3.00 0.07
16.074974 0.180501 0.50 20.00 1.00 0.07
21.843157 1.427151 0.50 20.00 2.00 0.07
21.833689 1.432781 0.50 20.00 3.00 0.07
16.074966 0.180498 0.50 30.00 1.00 0.07
21.849171 1.425880 0.50 30.00 2.00 0.07
21.845530 1.429102 0.50 30.00 3.00 0.07
16.074974 0.180501 0.75 10.00 1.00 0.07
21.830412 1.427272 0.75 10.00 2.00 0.07
21.813087 1.437691 0.75 10.00 3.00 0.07
16.074966 0.180498 0.75 20.00 1.00 0.07
21.848448 1.425430 0.75 20.00 2.00 0.07
21.844921 1.428941 0.75 20.00 3.00 0.07
16.074976 0.180501 0.75 30.00 1.00 0.07
21.848913 1.424008 0.75 30.00 2.00 0.07
21.849634 1.425977 0.75 30.00 3.00 0.07
14.840384 0.181728 0.25 10.00 1.00 0.10
20.883512 1.143686 0.25 10.00 2.00 0.10
20.721487 1.124479 0.25 10.00 3.00 0.10
14.840388 0.181729 0.25 20.00 1.00 0.10
21.053032 1.130901 0.25 20.00 2.00 0.10
21.013212 1.137970 0.25 20.00 3.00 0.10
14.840388 0.181729 0.25 30.00 1.00 0.10
21.079536 1.123491 0.25 30.00 2.00 0.10
21.063330 1.129562 0.25 30.00 3.00 0.10
14.840388 0.181729 0.50 10.00 1.00 0.10
21.049927 1.129635 0.50 10.00 2.00 0.10
21.011015 1.137733 0.50 10.00 3.00 0.10
14.840387 0.181729 0.50 20.00 1.00 0.10
21.087175 1.120678 0.50 20.00 2.00 0.10
21.078764 1.124616 0.50 20.00 3.00 0.10
14.840384 0.181727 0.50 30.00 1.00 0.10
21.092628 1.119247 0.50 30.00 2.00 0.10
21.089333 1.121819 0.50 30.00 3.00 0.10
14.840388 0.181729 0.75 10.00 1.00 0.10
21.075239 1.121636 0.75 10.00 2.00 0.10
21.059877 1.128969 0.75 10.00 3.00 0.10
14.840384 0.181727 0.75 20.00 1.00 0.10
21.091883 1.118893 0.75 20.00 2.00 0.10
21.088717 1.121665 0.75 20.00 3.00 0.10
14.840388 0.181729 0.75 30.00 1.00 0.10
21.092337 1.117495 0.75 30.00 2.00 0.10
21.093061 1.119014 0.75 30.00 3.00 0.10
11.800219 0.179786 0.25 10.00 1.00 0.20
18.499269 0.748542 0.25 10.00 2.00 0.20
18.321651 0.710062 0.25 10.00 3.00 0.20
11.800219 0.179786 0.25 20.00 1.00 0.20
18.630320 0.712574 0.25 20.00 2.00 0.20
18.593983 0.707410 0.25 20.00 3.00 0.20
11.800219 0.179786 0.25 30.00 1.00 0.20
18.646381 0.703696 0.25 30.00 2.00 0.20
18.632851 0.703278 0.25 30.00 3.00 0.20
11.800219 0.179786 0.50 10.00 1.00 0.20
18.627422 0.712150 0.50 10.00 2.00 0.20
18.592133 0.707352 0.50 10.00 3.00 0.20
11.800219 0.179786 0.50 20.00 1.00 0.20
18.650393 0.700385 0.50 20.00 2.00 0.20
18.643656 0.700438 0.50 20.00 3.00 0.20
11.800219 0.179785 0.50 30.00 1.00 0.20
18.653519 0.698617 0.50 30.00 2.00 0.20
18.650747 0.699378 0.50 30.00 3.00 0.20
11.800219 0.179786 0.75 10.00 1.00 0.20
18.642399 0.703036 0.75 10.00 2.00 0.20
18.629961 0.703066 0.75 10.00 3.00 0.20
11.800219 0.179785 0.75 20.00 1.00 0.20
18.652834 0.698495 0.75 20.00 2.00 0.20
18.650230 0.699346 0.75 20.00 3.00 0.20
11.800219 0.179786 0.75 30.00 1.00 0.20
18.653101 0.697224 0.75 30.00 2.00 0.20
18.653305 0.697760 0.75 30.00 3.00 0.20
21.299698 4.909324 0.25 10.00 4.00 0.03
21.488110 5.013304 0.25 20.00 4.00 0.03
21.540159 5.024774 0.25 30.00 4.00 0.03
21.483101 5.010943 0.50 10.00 4.00 0.03
21.559378 5.026841 0.50 20.00 4.00 0.03
21.575481 5.028662 0.50 30.00 4.00 0.03
21.533194 5.021338 0.75 10.00 4.00 0.03
21.574308 5.028084 0.75 20.00 4.00 0.03
21.582197 5.028549 0.75 30.00 4.00 0.03
20.955435 4.130968 0.25 10.00 4.00 0.05
21.145929 4.234840 0.25 20.00 4.00 0.05
21.195662 4.242270 0.25 30.00 4.00 0.05
21.141237 4.233069 0.50 10.00 4.00 0.05
21.213623 4.242394 0.50 20.00 4.00 0.05
21.228498 4.242317 0.50 30.00 4.00 0.05
21.189098 4.239331 0.75 10.00 4.00 0.05
21.227394 4.241821 0.75 20.00 4.00 0.05
21.234747 4.241639 0.75 30.00 4.00 0.05
20.599520 3.494750 0.25 10.00 4.00 0.07
20.789169 3.585820 0.25 20.00 4.00 0.07
20.836390 3.589975 0.25 30.00 4.00 0.07
20.784756 3.584432 0.50 10.00 4.00 0.07
20.853216 3.589036 0.50 20.00 4.00 0.07
20.866943 3.587891 0.50 30.00 4.00 0.07
20.830212 3.587718 0.75 10.00 4.00 0.07
20.865887 3.587509 0.75 20.00 4.00 0.07
20.872704 3.586851 0.75 30.00 4.00 0.07
20.248772 2.980084 0.25 10.00 4.00 0.10
20.434298 3.050404 0.25 20.00 4.00 0.10
20.478718 3.050876 0.25 30.00 4.00 0.10
20.430111 3.049122 0.50 10.00 4.00 0.10
20.494213 3.048572 0.50 20.00 4.00 0.10
20.506851 3.046432 0.50 30.00 4.00 0.10
20.472807 3.048998 0.75 10.00 4.00 0.10
20.505857 3.046075 0.75 20.00 4.00 0.10
20.512129 3.045077 0.75 30.00 4.00 0.10
19.503962 2.247670 0.25 10.00 4.00 0.15
19.678356 2.280195 0.25 20.00 4.00 0.15
19.716999 2.275674 0.25 30.00 4.00 0.15
19.674686 2.279440 0.50 10.00 4.00 0.15
19.730005 2.272058 0.50 20.00 4.00 0.15
19.740490 2.268952 0.50 30.00 4.00 0.15
19.711807 2.274418 0.75 10.00 4.00 0.15
19.739590 2.268727 0.75 20.00 4.00 0.15
19.744762 2.267137 0.75 30.00 4.00 0.15
18.776525 1.800991 0.25 10.00 4.00 0.20
18.936337 1.804661 0.25 20.00 4.00 0.20
18.969109 1.797616 0.25 30.00 4.00 0.20
18.933102 1.804215 0.50 10.00 4.00 0.20
18.979738 1.793502 0.50 20.00 4.00 0.20
18.988235 1.790154 0.50 30.00 4.00 0.20
18.964548 1.796939 0.75 10.00 4.00 0.20
18.987461 1.790044 0.75 20.00 4.00 0.20
18.991589 1.788303 0.75 30.00 4.00 0.20
18.073824 1.578770 0.25 10.00 4.00 0.25
18.220974 1.567915 0.25 20.00 4.00 0.25
18.248749 1.560487 0.25 30.00 4.00 0.25
18.218117 1.567697 0.50 10.00 4.00 0.25
18.257320 1.556597 0.50 20.00 4.00 0.25
18.264093 1.553315 0.50 30.00 4.00 0.25
18.244715 1.560083 0.75 10.00 4.00 0.25
18.263409 1.553236 0.75 20.00 4.00 0.25
18.266705 1.551627 0.75 30.00 4.00 0.25
16.751495 1.428749 0.25 10.00 4.00 0.35
16.873653 1.411446 0.25 20.00 4.00 0.35
16.892303 1.405102 0.25 30.00 4.00 0.35
16.871498 1.411488 0.50 10.00 4.00 0.35
16.897295 1.402003 0.50 20.00 4.00 0.35
16.901117 1.399205 0.50 30.00 4.00 0.35
16.889275 1.405121 0.75 10.00 4.00 0.35
16.900599 1.399206 0.75 20.00 4.00 0.35
16.902428 1.397998 0.75 30.00 4.00 0.35
