24.746740 1.775348 1.00 0.05
24.504936 5.844070 2.00 0.05
23.751926 7.795510 3.00 0.05
23.087896 8.642546 4.00 0.05
20.661619 0.680888 1.00 0.15
21.750078 2.253592 2.00 0.15
21.675171 3.526859 3.00 0.15
21.381905 4.337507 4.00 0.15
18.237940 0.685037 1.00 0.25
19.582561 1.543723 2.00 0.25
19.757734 2.227813 3.00 0.25
19.652882 2.696977 4.00 0.25
16.440329 0.833730 1.00 0.35
17.796520 1.533385 2.00 0.35
18.065380 1.972096 3.00 0.35
18.056721 2.244204 4.00 0.35
26.614914 3.486292 1.00 0.03
25.344376 8.338932 2.00 0.03
24.252504 9.821131 3.00 0.03
23.444897 10.261876 4.00 0.03
23.418640 1.150376 1.00 0.07
23.742014 4.309564 2.00 0.07
23.232908 6.214794 3.00 0.07
22.688208 7.187431 4.00 0.07
22.365063 0.879586 1.00 0.10
23.046667 3.354092 2.00 0.10
22.718874 5.078298 3.00 0.10
22.272327 6.051906 4.00 0.10
19.320269 0.658009 1.00 0.20
20.583103 1.749071 2.00 0.20
20.662893 2.652836 3.00 0.20
20.480288 3.263589 4.00 0.20
