30.603264 14.468464 1.00 0.05
27.089073 14.321381 2.00 0.05
25.405201 13.265833 3.00 0.05
24.335127 12.582554 4.00 0.05
27.925430 6.942004 1.00 0.15
25.974314 9.314447 2.00 0.15
24.436712 8.558796 3.00 0.15
23.276812 7.566429 4.00 0.15
24.011805 2.227558 1.00 0.25
24.605873 6.419963 2.00 0.25
23.082527 5.787925 3.00 0.25
21.962231 5.303768 4.00 0.25
19.779121 0.671201 1.00 0.35
23.334297 5.180304 2.00 0.35
22.173899 5.070197 3.00 0.35
21.291876 4.832582 4.00 0.35
31.029377 16.140148 1.00 0.03
27.210033 14.943377 2.00 0.03
25.478106 13.638137 3.00 0.03
24.383413 12.763030 4.00 0.03
30.013294 12.076746 1.00 0.07
26.835438 12.651726 2.00 0.07
25.205233 11.745776 3.00 0.07
24.135614 11.010129 4.00 0.07
29.373823 10.216835 1.00 0.10
26.574202 11.412827 2.00 0.10
24.975788 10.581185 3.00 0.10
23.897766 9.803074 4.00 0.10
26.061712 4.194164 1.00 0.20
25.257910 7.557458 2.00 0.20
23.682062 6.754303 3.00 0.20
22.496059 5.974627 4.00 0.20
