30.152500 14.687621 1.00 0.00 5.00 0.00 1.00
29.983208 14.697201 1.00 0.00 15.00 0.00 1.00
29.949524 14.697972 1.00 0.00 25.00 0.00 1.00
29.934677 14.698465 1.00 0.00 35.00 0.00 1.00
26.925308 13.253968 2.00 0.00 5.00 0.00 1.00
26.462307 13.183805 2.00 0.00 15.00 0.00 1.00
26.372313 13.171739 2.00 0.00 25.00 0.00 1.00
26.333889 13.166661 2.00 0.00 35.00 0.00 1.00
25.820452 12.533717 3.00 0.00 5.00 0.00 1.00
25.049690 12.355954 3.00 0.00 15.00 0.00 1.00
24.897879 12.326391 3.00 0.00 25.00 0.00 1.00
24.833357 12.315173 3.00 0.00 35.00 0.00 1.00
25.360756 12.193303 4.00 0.00 5.00 0.00 1.00
24.264423 11.885764 4.00 0.00 15.00 0.00 1.00
24.040342 11.838819 4.00 0.00 25.00 0.00 1.00
23.944635 11.820118 4.00 0.00 35.00 0.00 1.00
30.153711 14.682037 1.00 0.00 5.00 1.00 1.00
29.984243 14.692383 1.00 0.00 15.00 1.00 1.00
29.950373 14.691054 1.00 0.00 25.00 1.00 1.00
29.935610 14.692099 1.00 0.00 35.00 1.00 1.00
26.925529 13.251207 2.00 0.00 5.00 1.00 1.00
26.462471 13.182384 2.00 0.00 15.00 1.00 1.00
26.372271 13.168963 2.00 0.00 25.00 1.00 1.00
26.333904 13.162688 2.00 0.00 35.00 1.00 1.00
25.820372 12.531153 3.00 0.00 5.00 1.00 1.00
25.049562 12.353637 3.00 0.00 15.00 1.00 1.00
24.897707 12.324620 3.00 0.00 25.00 1.00 1.00
24.833246 12.312743 3.00 0.00 35.00 1.00 1.00
25.360676 12.189796 4.00 0.00 5.00 1.00 1.00
24.264229 11.883497 4.00 0.00 15.00 1.00 1.00
24.040098 11.835597 4.00 0.00 25.00 1.00 1.00
23.944283 11.816589 4.00 0.00 35.00 1.00 1.00
29.947708 13.007901 1.00 0.00 5.00 2.00 1.00
29.785622 13.066536 1.00 0.00 15.00 2.00 1.00
29.753355 13.077262 1.00 0.00 25.00 2.00 1.00
29.739075 13.080518 1.00 0.00 35.00 2.00 1.00
26.826399 12.427567 2.00 0.00 5.00 2.00 1.00
26.373117 12.434181 2.00 0.00 15.00 2.00 1.00
26.284843 12.435685 2.00 0.00 25.00 2.00 1.00
26.247190 12.435866 2.00 0.00 35.00 2.00 1.00
25.744192 11.908886 3.00 0.00 5.00 2.00 1.00
24.985537 11.828499 3.00 0.00 15.00 2.00 1.00
24.835974 11.817183 3.00 0.00 25.00 2.00 1.00
24.772442 11.813495 3.00 0.00 35.00 2.00 1.00
25.292465 11.639981 4.00 0.00 5.00 2.00 1.00
24.211267 11.455794 4.00 0.00 15.00 2.00 1.00
23.989851 11.429157 4.00 0.00 25.00 2.00 1.00
23.895159 11.418596 4.00 0.00 35.00 2.00 1.00
29.869558 12.571816 1.00 0.00 5.00 0.00 5.00
29.712158 12.652274 1.00 0.00 15.00 0.00 5.00
29.680315 12.661874 1.00 0.00 25.00 0.00 5.00
29.666109 12.665606 1.00 0.00 35.00 0.00 5.00
26.867321 12.813071 2.00 0.00 5.00 0.00 5.00
26.412682 12.802030 2.00 0.00 15.00 0.00 5.00
26.323833 12.797839 2.00 0.00 25.00 0.00 5.00
26.286043 12.797009 2.00 0.00 35.00 0.00 5.00
25.791626 12.336754 3.00 0.00 5.00 0.00 5.00
25.028931 12.214285 3.00 0.00 15.00 0.00 5.00
24.878321 12.191104 3.00 0.00 25.00 0.00 5.00
24.814154 12.181938 3.00 0.00 35.00 0.00 5.00
25.339418 12.059397 4.00 0.00 5.00 0.00 5.00
24.251978 11.813097 4.00 0.00 15.00 0.00 5.00
24.028936 11.770814 4.00 0.00 25.00 0.00 5.00
23.933617 11.754957 4.00 0.00 35.00 0.00 5.00
28.318708 6.241115 1.00 0.00 5.00 0.00 15.00
28.207859 6.394876 1.00 0.00 15.00 0.00 15.00
28.185564 6.423136 1.00 0.00 25.00 0.00 15.00
28.175964 6.434814 1.00 0.00 35.00 0.00 15.00
26.442673 10.261086 2.00 0.00 5.00 0.00 15.00
26.040525 10.499348 2.00 0.00 15.00 0.00 15.00
25.959949 10.534157 2.00 0.00 25.00 0.00 15.00
25.925415 10.547817 2.00 0.00 35.00 0.00 15.00
25.560692 10.921837 3.00 0.00 5.00 0.00 15.00
24.855484 11.131505 3.00 0.00 15.00 0.00 15.00
24.712658 11.154052 3.00 0.00 25.00 0.00 15.00
24.651552 11.161012 3.00 0.00 35.00 0.00 15.00
25.163113 11.014624 4.00 0.00 5.00 0.00 15.00
24.141348 11.174941 4.00 0.00 15.00 0.00 15.00
23.926661 11.181667 4.00 0.00 25.00 0.00 15.00
23.834324 11.182171 4.00 0.00 35.00 0.00 15.00
26.497963 3.030966 1.00 0.00 5.00 0.00 25.00
26.425295 3.146007 1.00 0.00 15.00 0.00 25.00
26.410061 3.167491 1.00 0.00 25.00 0.00 25.00
26.403374 3.176425 1.00 0.00 35.00 0.00 25.00
25.747261 7.567677 2.00 0.00 5.00 0.00 25.00
25.417427 7.945951 2.00 0.00 15.00 0.00 25.00
25.348444 8.004758 2.00 0.00 25.00 0.00 25.00
25.318609 8.028437 2.00 0.00 35.00 0.00 25.00
25.134050 9.012094 3.00 0.00 5.00 0.00 25.00
24.520105 9.522303 3.00 0.00 15.00 0.00 25.00
24.390427 9.587780 3.00 0.00 25.00 0.00 25.00
24.334377 9.611413 3.00 0.00 35.00 0.00 25.00
24.820162 9.449162 4.00 0.00 5.00 0.00 25.00
23.909145 10.049026 4.00 0.00 15.00 0.00 25.00
23.709465 10.115366 4.00 0.00 25.00 0.00 25.00
23.622862 10.138537 4.00 0.00 35.00 0.00 25.00
24.809429 1.613095 1.00 0.00 5.00 0.00 35.00
24.762182 1.686174 1.00 0.00 15.00 0.00 35.00
24.751726 1.699913 1.00 0.00 25.00 0.00 35.00
24.747129 1.705766 1.00 0.00 35.00 0.00 35.00
24.897377 5.414246 2.00 0.00 5.00 0.00 35.00
24.640388 5.812341 2.00 0.00 15.00 0.00 35.00
24.583687 5.876256 2.00 0.00 25.00 0.00 35.00
24.558893 5.901977 2.00 0.00 35.00 0.00 35.00
24.548889 7.117719 3.00 0.00 5.00 0.00 35.00
24.040911 7.788568 3.00 0.00 15.00 0.00 35.00
23.927650 7.881554 3.00 0.00 25.00 0.00 35.00
23.878080 7.916667 3.00 0.00 35.00 0.00 35.00
24.326096 7.738018 4.00 0.00 5.00 0.00 35.00
23.551233 8.635580 4.00 0.00 15.00 0.00 35.00
23.371824 8.752193 4.00 0.00 25.00 0.00 35.00
23.293163 8.793746 4.00 0.00 35.00 0.00 35.00
30.113987 14.362958 1.00 0.00 5.00 0.00 2.50
29.946095 14.380962 1.00 0.00 15.00 0.00 2.50
29.912504 14.382577 1.00 0.00 25.00 0.00 2.50
29.897837 14.384492 1.00 0.00 35.00 0.00 2.50
26.917946 13.195756 2.00 0.00 5.00 0.00 2.50
26.456139 13.134104 2.00 0.00 15.00 0.00 2.50
26.366282 13.123549 2.00 0.00 25.00 0.00 2.50
26.327934 13.117807 2.00 0.00 35.00 0.00 2.50
25.816704 12.507246 3.00 0.00 5.00 0.00 2.50
25.047047 12.336246 3.00 0.00 15.00 0.00 2.50
24.895489 12.308236 3.00 0.00 25.00 0.00 2.50
24.830921 12.296314 3.00 0.00 35.00 0.00 2.50
25.358015 12.174661 4.00 0.00 5.00 0.00 2.50
24.262840 11.875494 4.00 0.00 15.00 0.00 2.50
24.038902 11.828076 4.00 0.00 25.00 0.00 2.50
23.943209 11.810005 4.00 0.00 35.00 0.00 2.50
29.621393 11.100486 1.00 0.00 5.00 0.00 7.50
29.473040 11.215606 1.00 0.00 15.00 0.00 7.50
29.443264 11.232635 1.00 0.00 25.00 0.00 7.50
29.429771 11.237658 1.00 0.00 35.00 0.00 7.50
26.810631 12.403879 2.00 0.00 5.00 0.00 7.50
26.363604 12.443250 2.00 0.00 15.00 0.00 7.50
26.275995 12.446778 2.00 0.00 25.00 0.00 7.50
26.238594 12.448422 2.00 0.00 35.00 0.00 7.50
25.762466 12.137874 3.00 0.00 5.00 0.00 7.50
25.007502 12.069201 3.00 0.00 15.00 0.00 7.50
24.857952 12.052354 3.00 0.00 25.00 0.00 7.50
24.794249 12.045930 3.00 0.00 35.00 0.00 7.50
25.317650 11.920650 4.00 0.00 5.00 0.00 7.50
24.238832 11.733507 4.00 0.00 15.00 0.00 7.50
24.016811 11.698764 4.00 0.00 25.00 0.00 7.50
23.921894 11.683890 4.00 0.00 35.00 0.00 7.50
29.181919 9.058159 1.00 0.00 5.00 0.00 10.00
29.047260 9.201173 1.00 0.00 15.00 0.00 10.00
29.020546 9.227133 1.00 0.00 25.00 0.00 10.00
29.008657 9.236683 1.00 0.00 35.00 0.00 10.00
26.698877 11.678671 2.00 0.00 5.00 0.00 10.00
26.265921 11.793509 2.00 0.00 15.00 0.00 10.00
26.180595 11.809244 2.00 0.00 25.00 0.00 10.00
26.144201 11.814581 2.00 0.00 35.00 0.00 10.00
25.703091 11.757380 3.00 0.00 5.00 0.00 10.00
24.963188 11.779856 3.00 0.00 15.00 0.00 10.00
24.815575 11.775699 3.00 0.00 25.00 0.00 10.00
24.752615 11.773312 3.00 0.00 35.00 0.00 10.00
25.272758 11.645194 4.00 0.00 5.00 0.00 10.00
24.211077 11.570034 4.00 0.00 15.00 0.00 10.00
23.991257 11.547644 4.00 0.00 25.00 0.00 10.00
23.897017 11.537032 4.00 0.00 35.00 0.00 10.00
27.402428 4.305921 1.00 0.00 5.00 0.00 20.00
27.312353 4.444035 1.00 0.00 15.00 0.00 20.00
27.293921 4.469692 1.00 0.00 25.00 0.00 20.00
27.285950 4.480318 1.00 0.00 35.00 0.00 20.00
26.120098 8.868422 2.00 0.00 5.00 0.00 20.00
25.753559 9.196372 2.00 0.00 15.00 0.00 20.00
25.678699 9.246316 2.00 0.00 25.00 0.00 20.00
25.646439 9.266494 2.00 0.00 35.00 0.00 20.00
25.370377 10.001420 3.00 0.00 5.00 0.00 20.00
24.708269 10.378457 3.00 0.00 15.00 0.00 20.00
24.571657 10.424539 3.00 0.00 25.00 0.00 20.00
24.512873 10.440681 3.00 0.00 35.00 0.00 20.00
25.012714 10.283961 4.00 0.00 5.00 0.00 20.00
24.042356 10.677415 4.00 0.00 15.00 0.00 20.00
23.834328 10.712924 4.00 0.00 25.00 0.00 20.00
23.744560 10.723942 4.00 0.00 35.00 0.00 20.00
25.180561 12.038220 5.00 0.00 5.00 0.00 1.00
23.779539 11.584448 5.00 0.00 15.00 0.00 1.00
23.472919 11.513205 5.00 0.00 25.00 0.00 1.00
23.340666 11.485805 5.00 0.00 35.00 0.00 1.00
25.180527 12.035457 5.00 0.00 5.00 1.00 1.00
23.779404 11.583057 5.00 0.00 15.00 1.00 1.00
23.472725 11.511104 5.00 0.00 25.00 1.00 1.00
23.340378 11.483512 5.00 0.00 35.00 1.00 1.00
25.115181 11.512074 5.00 0.00 5.00 2.00 1.00
23.732141 11.205440 5.00 0.00 15.00 2.00 1.00
23.428642 11.158677 5.00 0.00 25.00 2.00 1.00
23.297731 11.142930 5.00 0.00 35.00 2.00 1.00
25.177946 12.021383 5.00 0.00 5.00 0.00 2.50
23.778278 11.577799 5.00 0.00 15.00 0.00 2.50
23.471794 11.507903 5.00 0.00 25.00 0.00 2.50
23.339529 11.479906 5.00 0.00 35.00 0.00 2.50
25.160172 11.915366 5.00 0.00 5.00 0.00 5.00
23.769417 11.532073 5.00 0.00 15.00 0.00 5.00
23.464043 11.468266 5.00 0.00 25.00 0.00 5.00
23.332239 11.444036 5.00 0.00 35.00 0.00 5.00
25.142075 11.811432 5.00 0.00 5.00 0.00 7.50
23.760382 11.489318 5.00 0.00 15.00 0.00 7.50
23.456022 11.430897 5.00 0.00 25.00 0.00 7.50
23.324602 11.409137 5.00 0.00 35.00 0.00 7.50
25.102041 11.569839 5.00 0.00 5.00 0.00 10.00
23.739553 11.378491 5.00 0.00 15.00 0.00 10.00
23.437641 11.335735 5.00 0.00 25.00 0.00 10.00
23.306860 11.315948 5.00 0.00 35.00 0.00 10.00
25.004114 11.027479 5.00 0.00 5.00 0.00 15.00
23.686935 11.107549 5.00 0.00 15.00 0.00 15.00
23.390392 11.093986 5.00 0.00 25.00 0.00 15.00
23.261805 11.087564 5.00 0.00 35.00 0.00 15.00
24.866976 10.358799 5.00 0.00 5.00 0.00 20.00
23.608416 10.733135 5.00 0.00 15.00 0.00 20.00
23.319670 10.758141 5.00 0.00 25.00 0.00 20.00
23.193979 10.764347 5.00 0.00 35.00 0.00 20.00
24.690220 9.584677 5.00 0.00 5.00 0.00 25.00
23.502069 10.236556 5.00 0.00 15.00 0.00 25.00
23.223194 10.302796 5.00 0.00 25.00 0.00 25.00
23.101130 10.323603 5.00 0.00 35.00 0.00 25.00
24.232344 7.976517 5.00 0.00 5.00 0.00 35.00
23.204433 9.038111 5.00 0.00 15.00 0.00 35.00
22.949690 9.173258 5.00 0.00 25.00 0.00 35.00
22.836969 9.220558 5.00 0.00 35.00 0.00 35.00
30.419338 14.657229 1.00 0.00 2.50 0.00 1.00
30.066389 14.686915 1.00 0.00 7.50 0.00 1.00
30.024849 14.692344 1.00 0.00 10.00 0.00 1.00
29.962114 14.696754 1.00 0.00 20.00 0.00 1.00
27.646545 13.377168 2.00 0.00 2.50 0.00 1.00
26.691473 13.216252 2.00 0.00 7.50 0.00 1.00
26.576172 13.198234 2.00 0.00 10.00 0.00 1.00
26.405962 13.175167 2.00 0.00 20.00 0.00 1.00
26.949123 12.859981 3.00 0.00 2.50 0.00 1.00
25.433819 12.438313 3.00 0.00 7.50 0.00 1.00
25.240984 12.394376 3.00 0.00 10.00 0.00 1.00
24.954651 12.336858 3.00 0.00 20.00 0.00 1.00
26.785507 12.710101 4.00 0.00 2.50 0.00 1.00
24.821630 12.025861 4.00 0.00 7.50 0.00 1.00
24.544184 11.949896 4.00 0.00 10.00 0.00 1.00
24.124329 11.854824 4.00 0.00 20.00 0.00 1.00
26.757957 12.678849 5.00 0.00 2.50 0.00 1.00
24.514511 11.797301 5.00 0.00 7.50 0.00 1.00
24.154495 11.688642 5.00 0.00 10.00 0.00 1.00
23.588417 11.539359 5.00 0.00 20.00 0.00 1.00
30.420753 14.653107 1.00 0.00 2.50 1.00 1.00
30.067537 14.682218 1.00 0.00 7.50 1.00 1.00
30.026104 14.690174 1.00 0.00 10.00 1.00 1.00
29.963306 14.693348 1.00 0.00 20.00 1.00 1.00
27.646692 13.371797 2.00 0.00 2.50 1.00 1.00
26.691530 13.213673 2.00 0.00 7.50 1.00 1.00
26.576233 13.196486 2.00 0.00 10.00 1.00 1.00
26.405935 13.172986 2.00 0.00 20.00 1.00 1.00
26.949314 12.856340 3.00 0.00 2.50 1.00 1.00
25.433754 12.435308 3.00 0.00 7.50 1.00 1.00
25.240904 12.392026 3.00 0.00 10.00 1.00 1.00
24.954493 12.335052 3.00 0.00 20.00 1.00 1.00
26.785704 12.707400 4.00 0.00 2.50 1.00 1.00
24.821592 12.024653 4.00 0.00 7.50 1.00 1.00
24.544086 11.948709 4.00 0.00 10.00 1.00 1.00
24.124134 11.852218 4.00 0.00 20.00 1.00 1.00
26.758194 12.676064 5.00 0.00 2.50 1.00 1.00
24.514370 11.794894 5.00 0.00 7.50 1.00 1.00
24.154350 11.686337 5.00 0.00 10.00 1.00 1.00
23.588232 11.536530 5.00 0.00 20.00 1.00 1.00
30.203419 12.903852 1.00 0.00 2.50 2.00 1.00
29.865776 13.036591 1.00 0.00 7.50 2.00 1.00
29.826006 13.053963 1.00 0.00 10.00 2.00 1.00
29.765757 13.074407 1.00 0.00 20.00 2.00 1.00
27.530590 12.419847 2.00 0.00 2.50 2.00 1.00
26.597569 12.429552 2.00 0.00 7.50 2.00 1.00
26.484802 12.432869 2.00 0.00 10.00 2.00 1.00
26.317810 12.434160 2.00 0.00 20.00 2.00 1.00
26.851007 12.059208 3.00 0.00 2.50 2.00 1.00
25.364042 11.866019 3.00 0.00 7.50 2.00 1.00
25.174168 11.845930 3.00 0.00 10.00 2.00 1.00
24.892019 11.821429 3.00 0.00 20.00 2.00 1.00
26.690987 11.941946 4.00 0.00 2.50 2.00 1.00
24.761272 11.538078 4.00 0.00 7.50 2.00 1.00
24.487591 11.492453 4.00 0.00 10.00 2.00 1.00
24.072840 11.438599 4.00 0.00 20.00 2.00 1.00
26.664219 11.917985 5.00 0.00 2.50 2.00 1.00
24.458689 11.350125 5.00 0.00 7.50 2.00 1.00
24.102873 11.275271 5.00 0.00 10.00 2.00 1.00
23.543140 11.177357 5.00 0.00 20.00 2.00 1.00
30.377092 14.305814 1.00 0.00 2.50 0.00 2.50
30.028358 14.368891 1.00 0.00 7.50 0.00 2.50
29.987129 14.375899 1.00 0.00 10.00 0.00 2.50
29.924776 14.380104 1.00 0.00 20.00 0.00 2.50
27.635962 13.299765 2.00 0.00 2.50 0.00 2.50
26.684099 13.161700 2.00 0.00 7.50 0.00 2.50
26.569223 13.145730 2.00 0.00 10.00 0.00 2.50
26.399326 13.125790 2.00 0.00 20.00 0.00 2.50
26.942019 12.811930 3.00 0.00 2.50 0.00 2.50
25.430300 12.416120 3.00 0.00 7.50 0.00 2.50
25.237734 12.373196 3.00 0.00 10.00 0.00 2.50
24.951687 12.316878 3.00 0.00 20.00 0.00 2.50
26.779091 12.668181 4.00 0.00 2.50 0.00 2.50
24.819185 12.013405 4.00 0.00 7.50 0.00 2.50
24.542025 11.939777 4.00 0.00 10.00 0.00 2.50
24.122543 11.846090 4.00 0.00 20.00 0.00 2.50
26.751728 12.638741 5.00 0.00 2.50 0.00 2.50
24.512487 11.788081 5.00 0.00 7.50 0.00 2.50
24.152710 11.680031 5.00 0.00 10.00 0.00 2.50
23.587000 11.532609 5.00 0.00 20.00 0.00 2.50
30.115362 12.420043 1.00 0.00 2.50 0.00 5.00
29.789219 12.612552 1.00 0.00 7.50 0.00 5.00
29.750250 12.633214 1.00 0.00 10.00 0.00 5.00
29.691736 12.658501 1.00 0.00 20.00 0.00 5.00
27.568430 12.795825 2.00 0.00 2.50 0.00 5.00
26.637144 12.807869 2.00 0.00 7.50 0.00 5.00
26.523907 12.804953 2.00 0.00 10.00 0.00 5.00
26.356211 12.798141 2.00 0.00 20.00 0.00 5.00
26.897696 12.501953 3.00 0.00 2.50 0.00 5.00
25.408764 12.273938 3.00 0.00 7.50 0.00 5.00
25.217928 12.242933 3.00 0.00 10.00 0.00 5.00
24.933949 12.200091 3.00 0.00 20.00 0.00 5.00
26.738909 12.393543 4.00 0.00 2.50 0.00 5.00
24.804865 11.929748 4.00 0.00 7.50 0.00 5.00
24.529482 11.868091 4.00 0.00 10.00 0.00 5.00
24.111927 11.785447 4.00 0.00 20.00 0.00 5.00
26.712173 12.369133 5.00 0.00 2.50 0.00 5.00
24.500517 11.726057 5.00 0.00 7.50 0.00 5.00
24.142756 11.630904 5.00 0.00 10.00 0.00 5.00
23.579399 11.496901 5.00 0.00 20.00 0.00 5.00
29.856384 10.920697 1.00 0.00 2.50 0.00 7.50
29.550381 11.184368 1.00 0.00 7.50 0.00 7.50
29.513313 11.212111 1.00 0.00 10.00 0.00 7.50
29.458252 11.251322 1.00 0.00 20.00 0.00 7.50
27.495754 12.278201 2.00 0.00 2.50 0.00 7.50
26.586050 12.430573 2.00 0.00 7.50 0.00 7.50
26.474655 12.439523 2.00 0.00 10.00 0.00 7.50
26.309214 12.447775 2.00 0.00 20.00 0.00 7.50
26.849461 12.159798 3.00 0.00 2.50 0.00 7.50
25.384947 12.105333 3.00 0.00 7.50 0.00 7.50
25.195854 12.085703 3.00 0.00 10.00 0.00 7.50
24.913889 12.057673 3.00 0.00 20.00 0.00 7.50
26.695093 12.085804 4.00 0.00 2.50 0.00 7.50
24.788528 11.823383 4.00 0.00 7.50 0.00 7.50
24.515154 11.775434 4.00 0.00 10.00 0.00 7.50
24.099825 11.708243 4.00 0.00 20.00 0.00 7.50
26.669083 12.068147 5.00 0.00 2.50 0.00 7.50
24.487085 11.642716 5.00 0.00 7.50 0.00 7.50
24.131357 11.561584 5.00 0.00 10.00 0.00 7.50
23.570442 11.446549 5.00 0.00 20.00 0.00 7.50
29.384960 8.792508 1.00 0.00 2.50 0.00 10.00
29.111849 9.121146 1.00 0.00 7.50 0.00 10.00
29.078197 9.156446 1.00 0.00 10.00 0.00 10.00
29.028254 9.206827 1.00 0.00 20.00 0.00 10.00
27.349865 11.372990 2.00 0.00 2.50 0.00 10.00
26.481264 11.741033 2.00 0.00 7.50 0.00 10.00
26.373360 11.768841 2.00 0.00 10.00 0.00 10.00
26.212469 11.801187 2.00 0.00 20.00 0.00 10.00
26.750330 11.538377 3.00 0.00 2.50 0.00 10.00
25.333996 11.779037 3.00 0.00 7.50 0.00 10.00
25.148508 11.782987 3.00 0.00 10.00 0.00 10.00
24.870884 11.780469 3.00 0.00 20.00 0.00 10.00
26.604803 11.523903 4.00 0.00 2.50 0.00 10.00
24.753550 11.616632 4.00 0.00 7.50 0.00 10.00
24.483868 11.593532 4.00 0.00 10.00 0.00 10.00
24.073359 11.554919 4.00 0.00 20.00 0.00 10.00
26.580086 11.515119 5.00 0.00 2.50 0.00 10.00
24.458059 11.483482 5.00 0.00 7.50 0.00 10.00
24.106638 11.430446 5.00 0.00 10.00 0.00 10.00
23.550905 11.345568 5.00 0.00 20.00 0.00 10.00
28.478971 5.965528 1.00 0.00 2.50 0.00 15.00
28.260242 6.314800 1.00 0.00 7.50 0.00 15.00
28.232431 6.352482 1.00 0.00 10.00 0.00 15.00
28.190590 6.406340 1.00 0.00 20.00 0.00 15.00
27.026064 9.727355 2.00 0.00 2.50 0.00 15.00
26.242165 10.414375 2.00 0.00 7.50 0.00 15.00
26.141457 10.471256 2.00 0.00 10.00 0.00 15.00
25.990295 10.543552 2.00 0.00 20.00 0.00 15.00
26.522942 10.315717 3.00 0.00 2.50 0.00 15.00
25.212349 11.074039 3.00 0.00 7.50 0.00 15.00
25.034828 11.120985 3.00 0.00 10.00 0.00 15.00
24.767202 11.169608 3.00 0.00 20.00 0.00 15.00
26.396212 10.398269 4.00 0.00 2.50 0.00 15.00
24.668180 11.146488 4.00 0.00 7.50 0.00 15.00
24.408117 11.178197 4.00 0.00 10.00 0.00 15.00
24.008354 11.199824 4.00 0.00 20.00 0.00 15.00
26.374418 10.405885 5.00 0.00 2.50 0.00 15.00
24.386370 11.109077 5.00 0.00 7.50 0.00 15.00
24.045496 11.119390 5.00 0.00 10.00 0.00 15.00
23.502281 11.106163 5.00 0.00 20.00 0.00 15.00
27.531570 4.076093 1.00 0.00 2.50 0.00 20.00
27.360764 4.386933 1.00 0.00 7.50 0.00 20.00
27.338055 4.420942 1.00 0.00 10.00 0.00 20.00
27.303652 4.470214 1.00 0.00 20.00 0.00 20.00
26.627775 8.148460 2.00 0.00 2.50 0.00 20.00
25.937996 9.039369 2.00 0.00 7.50 0.00 20.00
25.845535 9.115932 2.00 0.00 10.00 0.00 20.00
25.705647 9.216041 2.00 0.00 20.00 0.00 20.00
26.229759 9.022860 3.00 0.00 2.50 0.00 20.00
25.043751 10.202666 3.00 0.00 7.50 0.00 20.00
24.876360 10.288805 3.00 0.00 10.00 0.00 20.00
24.621485 10.389022 3.00 0.00 20.00 0.00 20.00
26.124126 9.178579 4.00 0.00 2.50 0.00 20.00
24.544701 10.503863 4.00 0.00 7.50 0.00 20.00
24.296528 10.591628 4.00 0.00 10.00 0.00 20.00
23.911308 10.680730 4.00 0.00 20.00 0.00 20.00
26.105684 9.198960 5.00 0.00 2.50 0.00 20.00
24.280424 10.568341 5.00 0.00 7.50 0.00 20.00
23.953560 10.650456 5.00 0.00 10.00 0.00 20.00
23.427273 10.725119 5.00 0.00 20.00 0.00 20.00
26.600998 2.843832 1.00 0.00 2.50 0.00 25.00
26.469355 3.101113 1.00 0.00 7.50 0.00 25.00
26.450987 3.129578 1.00 0.00 10.00 0.00 25.00
26.422646 3.170547 1.00 0.00 20.00 0.00 25.00
26.184500 6.795269 2.00 0.00 2.50 0.00 25.00
25.590166 7.796577 2.00 0.00 7.50 0.00 25.00
25.506767 7.887065 2.00 0.00 10.00 0.00 25.00
25.378611 8.006166 2.00 0.00 20.00 0.00 25.00
25.891068 7.840277 3.00 0.00 2.50 0.00 25.00
24.838364 9.331945 3.00 0.00 7.50 0.00 25.00
24.682400 9.451737 3.00 0.00 10.00 0.00 25.00
24.441841 9.593522 3.00 0.00 20.00 0.00 25.00
25.806902 8.046489 4.00 0.00 2.50 0.00 25.00
24.389057 9.825815 4.00 0.00 7.50 0.00 25.00
24.154810 9.964443 4.00 0.00 10.00 0.00 25.00
23.787004 10.116997 4.00 0.00 20.00 0.00 25.00
25.791780 8.075397 5.00 0.00 2.50 0.00 25.00
24.144365 9.981217 5.00 0.00 7.50 0.00 25.00
23.833992 10.129116 5.00 0.00 10.00 0.00 25.00
23.328264 10.287056 5.00 0.00 20.00 0.00 25.00
24.878464 1.487833 1.00 0.00 2.50 0.00 35.00
24.801661 1.647931 1.00 0.00 7.50 0.00 35.00
24.789349 1.665862 1.00 0.00 10.00 0.00 35.00
24.769863 1.691725 1.00 0.00 20.00 0.00 35.00
25.198597 4.635598 2.00 0.00 2.50 0.00 35.00
24.781677 5.626608 2.00 0.00 7.50 0.00 35.00
24.715429 5.721745 2.00 0.00 10.00 0.00 35.00
24.611078 5.849672 2.00 0.00 20.00 0.00 35.00
25.093296 5.731713 3.00 0.00 2.50 0.00 35.00
24.310862 7.484982 3.00 0.00 7.50 0.00 35.00
24.179773 7.643269 3.00 0.00 10.00 0.00 35.00
23.972254 7.842124 3.00 0.00 20.00 0.00 35.00
25.049707 5.975546 4.00 0.00 2.50 0.00 35.00
23.968779 8.234379 4.00 0.00 7.50 0.00 35.00
23.766941 8.447750 4.00 0.00 10.00 0.00 35.00
23.441135 8.704714 4.00 0.00 20.00 0.00 35.00
25.041058 6.012694 5.00 0.00 2.50 0.00 35.00
23.768816 8.529906 5.00 0.00 7.50 0.00 35.00
23.497957 8.786841 5.00 0.00 10.00 0.00 35.00
23.043438 9.095562 5.00 0.00 20.00 0.00 35.00
