25.001192 6.043717 0.25 10.00 1.00 5.00
24.126177 5.662159 0.25 10.00 2.00 5.00
23.969854 5.651735 0.25 10.00 3.00 5.00
25.008545 6.055711 0.25 20.00 1.00 5.00
24.291811 5.659413 0.25 20.00 2.00 5.00
24.231457 5.659392 0.25 20.00 3.00 5.00
25.008486 6.050941 0.25 30.00 1.00 5.00
24.325527 5.658812 0.25 30.00 2.00 5.00
24.296825 5.659674 0.25 30.00 3.00 5.00
25.008545 6.055711 0.50 10.00 1.00 5.00
24.290045 5.658925 0.50 10.00 2.00 5.00
24.228994 5.659313 0.50 10.00 3.00 5.00
25.005243 6.044249 0.50 20.00 1.00 5.00
24.336287 5.656071 0.50 20.00 2.00 5.00
24.320354 5.658772 0.50 20.00 3.00 5.00
24.994034 6.035262 0.50 30.00 1.00 5.00
24.342667 5.651542 0.50 30.00 2.00 5.00
24.337360 5.655632 0.50 30.00 3.00 5.00
25.008486 6.050941 0.75 10.00 1.00 5.00
24.323042 5.657991 0.75 10.00 2.00 5.00
24.293432 5.659561 0.75 10.00 3.00 5.00
24.994034 6.035262 0.75 20.00 1.00 5.00
24.342310 5.651547 0.75 20.00 2.00 5.00
24.336834 5.655916 0.75 20.00 3.00 5.00
25.012766 6.063488 0.75 30.00 1.00 5.00
24.343300 5.651494 0.75 30.00 2.00 5.00
24.342636 5.651617 0.75 30.00 3.00 5.00
20.225555 6.022052 0.25 10.00 1.00 15.00
22.233177 4.942722 0.25 10.00 2.00 15.00
22.108929 4.910302 0.25 10.00 3.00 15.00
20.232410 6.031302 0.25 20.00 1.00 15.00
22.373035 4.935479 0.25 20.00 2.00 15.00
22.330532 4.920510 0.25 20.00 3.00 15.00
20.232447 6.027250 0.25 30.00 1.00 15.00
22.399155 4.936858 0.25 30.00 2.00 15.00
22.379583 4.930072 0.25 30.00 3.00 15.00
20.232410 6.031302 0.50 10.00 1.00 15.00
22.371180 4.935662 0.50 10.00 2.00 15.00
22.328526 4.920959 0.50 10.00 3.00 15.00
20.229332 6.021672 0.50 20.00 1.00 15.00
22.407333 4.936458 0.50 20.00 2.00 15.00
22.396639 4.933431 0.50 20.00 3.00 15.00
20.218573 6.014737 0.50 30.00 1.00 15.00
22.412148 4.932419 0.50 30.00 2.00 15.00
22.408840 4.934975 0.50 30.00 3.00 15.00
20.232447 6.027250 0.75 10.00 1.00 15.00
22.396584 4.936928 0.75 10.00 2.00 15.00
22.376741 4.930411 0.75 10.00 3.00 15.00
20.218573 6.014737 0.75 20.00 1.00 15.00
22.411787 4.932733 0.75 20.00 2.00 15.00
22.408363 4.935063 0.75 20.00 3.00 15.00
20.236309 6.037267 0.75 30.00 1.00 15.00
22.411982 4.932309 0.75 30.00 2.00 15.00
22.412270 4.932083 0.75 30.00 3.00 15.00
18.014473 6.043475 0.25 10.00 1.00 25.00
20.386730 4.900311 0.25 10.00 2.00 25.00
20.288643 4.867727 0.25 10.00 3.00 25.00
18.021296 6.052418 0.25 20.00 1.00 25.00
20.486364 4.899506 0.25 20.00 2.00 25.00
20.455843 4.879823 0.25 20.00 3.00 25.00
18.021320 6.048440 0.25 30.00 1.00 25.00
20.503996 4.903140 0.25 30.00 2.00 25.00
20.490261 4.893724 0.25 30.00 3.00 25.00
18.021296 6.052418 0.50 10.00 1.00 25.00
20.485022 4.900294 0.50 10.00 2.00 25.00
20.454357 4.880333 0.50 10.00 3.00 25.00
18.018244 6.042834 0.50 20.00 1.00 25.00
20.509495 4.904768 0.50 20.00 2.00 25.00
20.501997 4.899292 0.50 20.00 3.00 25.00
18.007467 6.035836 0.50 30.00 1.00 25.00
20.512920 4.902764 0.50 30.00 2.00 25.00
20.510408 4.903110 0.50 30.00 3.00 25.00
18.021320 6.048440 0.75 10.00 1.00 25.00
20.502182 4.904116 0.75 10.00 2.00 25.00
20.488214 4.894386 0.75 10.00 3.00 25.00
18.007467 6.035836 0.75 20.00 1.00 25.00
20.512667 4.903069 0.75 20.00 2.00 25.00
20.510071 4.903295 0.75 20.00 3.00 25.00
18.025152 6.058086 0.75 30.00 1.00 25.00
20.512850 4.902748 0.75 30.00 2.00 25.00
20.512945 4.902205 0.75 30.00 3.00 25.00
16.570257 6.041376 0.25 10.00 1.00 35.00
18.766933 5.002348 0.25 10.00 2.00 35.00
18.687546 4.978566 0.25 10.00 3.00 35.00
16.577068 6.050112 0.25 20.00 1.00 35.00
18.829861 5.018625 0.25 20.00 2.00 35.00
18.806585 5.000871 0.25 20.00 3.00 35.00
16.577112 6.046168 0.25 30.00 1.00 35.00
18.840452 5.025455 0.25 30.00 2.00 35.00
18.830248 5.016560 0.25 30.00 3.00 35.00
16.577068 6.050112 0.50 10.00 1.00 35.00
18.829178 5.019493 0.50 10.00 2.00 35.00
18.805653 5.001508 0.50 10.00 3.00 35.00
16.573994 6.040722 0.50 20.00 1.00 35.00
18.843796 5.028453 0.50 20.00 2.00 35.00
18.838102 5.023213 0.50 20.00 3.00 35.00
16.563311 6.033478 0.50 30.00 1.00 35.00
18.846077 5.029119 0.50 30.00 2.00 35.00
18.843819 5.027766 0.50 30.00 3.00 35.00
16.577112 6.046168 0.75 10.00 1.00 35.00
18.839539 5.026573 0.75 10.00 2.00 35.00
18.829010 5.017564 0.75 10.00 3.00 35.00
16.563311 6.033478 0.75 20.00 1.00 35.00
18.845945 5.029355 0.75 20.00 2.00 35.00
18.843616 5.027943 0.75 20.00 3.00 35.00
16.580914 6.055681 0.75 30.00 1.00 35.00
18.846310 5.029456 0.75 30.00 2.00 35.00
18.845936 5.029009 0.75 30.00 3.00 35.00
