17.952599 6.460172 1.00 0.00 5.00
29.296593 12.783700 1.00 1.00 5.00
17.841389 6.075900 2.00 0.00 5.00
26.018616 12.147996 2.00 1.00 5.00
17.834436 6.053199 3.00 0.00 5.00
24.711977 11.256736 3.00 1.00 5.00
17.834538 6.053335 4.00 0.00 5.00
23.953192 10.656939 4.00 1.00 5.00
17.636694 5.371990 1.00 0.00 15.00
28.238361 7.456879 1.00 1.00 15.00
17.566496 5.220240 2.00 0.00 15.00
25.864313 9.768175 2.00 1.00 15.00
17.563229 5.213354 3.00 0.00 15.00
24.798939 9.886333 3.00 1.00 15.00
17.563826 5.214959 4.00 0.00 15.00
24.143269 9.732935 4.00 1.00 15.00
17.454781 4.663785 1.00 0.00 25.00
26.960295 4.119895 1.00 1.00 25.00
17.421238 4.635436 2.00 0.00 25.00
25.449783 7.183577 2.00 1.00 25.00
17.421253 4.638422 3.00 0.00 25.00
24.616604 7.927333 3.00 1.00 25.00
17.422409 4.641061 4.00 0.00 25.00
24.050217 8.117551 4.00 1.00 25.00
17.263771 4.105578 1.00 0.00 35.00
25.644958 2.316719 1.00 1.00 35.00
17.268776 4.168220 2.00 0.00 35.00
24.830626 5.087537 2.00 1.00 35.00
17.272419 4.179712 3.00 0.00 35.00
24.224157 6.131051 3.00 1.00 35.00
17.274302 4.183953 4.00 0.00 35.00
23.761951 6.563572 4.00 1.00 35.00
18.548254 7.492587 1.00 0.00 2.50
29.543184 14.376859 1.00 1.00 2.50
18.407200 6.888733 2.00 0.00 2.50
26.045557 12.592976 2.00 1.00 2.50
18.397846 6.851439 3.00 0.00 2.50
24.652044 11.432003 3.00 1.00 2.50
18.397791 6.850847 4.00 0.00 2.50
23.844166 10.687139 4.00 1.00 2.50
17.804991 6.191652 1.00 0.00 7.50
29.113159 11.591704 1.00 1.00 7.50
17.704374 5.867896 2.00 0.00 7.50
26.005259 11.757111 2.00 1.00 7.50
17.698349 5.849446 3.00 0.00 7.50
24.750500 11.092685 3.00 1.00 7.50
17.698542 5.849916 4.00 0.00 7.50
24.016434 10.590118 4.00 1.00 7.50
17.694164 5.710066 1.00 0.00 10.00
28.804304 9.882780 1.00 1.00 10.00
17.607159 5.484879 2.00 0.00 10.00
25.974356 11.038495 2.00 1.00 10.00
17.602303 5.472581 3.00 0.00 10.00
24.796898 10.685836 3.00 1.00 10.00
17.602646 5.473418 4.00 0.00 10.00
24.096397 10.302402 4.00 1.00 10.00
17.550270 4.961705 1.00 0.00 20.00
27.615154 5.548542 1.00 1.00 20.00
17.498331 4.881408 2.00 0.00 20.00
25.690456 8.418936 2.00 1.00 20.00
17.496719 4.880039 3.00 0.00 20.00
24.742517 8.899249 3.00 1.00 20.00
17.497591 4.882188 4.00 0.00 20.00
24.133083 8.937439 4.00 1.00 20.00
18.401209 6.842078 5.00 0.00 2.50
23.291845 10.155178 5.00 1.00 2.50
17.835333 6.052423 5.00 0.00 5.00
23.437082 10.205864 5.00 1.00 5.00
17.690130 5.816469 5.00 0.00 7.50
23.516878 10.171340 5.00 1.00 7.50
17.590750 5.475206 5.00 0.00 10.00
23.609364 9.983615 5.00 1.00 10.00
17.541147 5.160355 5.00 0.00 15.00
23.682062 9.509517 5.00 1.00 15.00
17.475214 4.950279 5.00 0.00 20.00
23.690283 8.824455 5.00 1.00 20.00
17.427664 4.650896 5.00 0.00 25.00
23.639061 8.154401 5.00 1.00 25.00
17.254847 4.180398 5.00 0.00 35.00
23.399958 6.749919 5.00 1.00 35.00
