29.903774 14.721893 1.00 0.00 1.00
26.238998 13.154851 2.00 0.00 1.00
24.673634 12.288765 3.00 0.00 1.00
23.706978 11.777020 4.00 0.00 1.00
29.904692 14.714596 1.00 1.00 1.00
26.239014 13.152538 2.00 1.00 1.00
24.673357 12.285008 3.00 1.00 1.00
23.706701 11.773821 4.00 1.00 1.00
29.709135 13.107920 1.00 2.00 1.00
26.153969 12.438418 2.00 2.00 1.00
24.614697 11.802721 3.00 2.00 1.00
23.660101 11.396045 4.00 2.00 1.00
29.636133 12.692489 1.00 0.00 5.00
26.192207 12.791443 2.00 0.00 5.00
24.655239 12.159191 3.00 0.00 5.00
23.696875 11.715837 4.00 0.00 5.00
28.152159 6.464041 1.00 0.00 15.00
25.839161 10.578342 2.00 0.00 15.00
24.499300 11.175207 3.00 0.00 15.00
23.604050 11.178759 4.00 0.00 15.00
26.386658 3.198395 1.00 0.00 25.00
25.243565 8.082257 2.00 0.00 25.00
24.193439 9.659786 3.00 0.00 25.00
23.404890 10.179517 4.00 0.00 25.00
24.735291 1.719738 1.00 0.00 35.00
24.495684 5.961709 2.00 0.00 35.00
23.752050 7.992170 3.00 0.00 35.00
23.092503 8.875532 4.00 0.00 35.00
29.867134 14.410356 1.00 0.00 2.50
26.233076 13.106556 2.00 0.00 2.50
24.671249 12.269990 3.00 0.00 2.50
23.705772 11.768263 4.00 0.00 2.50
29.400476 11.265890 1.00 0.00 7.50
26.145962 12.450184 2.00 0.00 7.50
24.636118 12.028370 3.00 0.00 7.50
23.686029 11.650905 4.00 0.00 7.50
28.980913 9.265351 1.00 0.00 10.00
26.053562 11.827888 2.00 0.00 10.00
24.596390 11.766925 3.00 0.00 10.00
23.662823 11.512861 4.00 0.00 10.00
27.265947 4.506832 1.00 0.00 20.00
25.565662 9.311707 2.00 0.00 20.00
24.365908 10.473135 3.00 0.00 20.00
23.519680 10.741688 4.00 0.00 20.00
23.010391 11.428519 5.00 0.00 1.00
23.010248 11.427495 5.00 1.00 1.00
22.970591 11.109636 5.00 2.00 1.00
23.009504 11.423700 5.00 0.00 2.50
23.003128 11.391075 5.00 0.00 5.00
22.996096 11.357885 5.00 0.00 7.50
22.980169 11.275675 5.00 0.00 10.00
22.939060 11.065260 5.00 0.00 15.00
22.877125 10.767084 5.00 0.00 20.00
22.792156 10.356023 5.00 0.00 25.00
22.548199 9.308266 5.00 0.00 35.00
