30.366108 4.205641 1.00 0.50 5.00
31.179052 3.266680 1.00 0.70 5.00
31.944309 2.327445 1.00 1.00 5.00
32.339542 1.796771 1.00 1.30 5.00
32.481403 1.573062 1.00 1.50 5.00
32.570789 1.417462 1.00 1.70 5.00
32.644127 1.263199 1.00 2.00 5.00
28.715576 5.604907 2.00 0.50 5.00
29.971567 4.293189 2.00 0.70 5.00
31.347206 2.705153 2.00 1.00 5.00
32.138351 1.754464 2.00 1.30 5.00
32.446312 1.391012 2.00 1.50 5.00
32.647911 1.162403 2.00 1.70 5.00
32.832340 0.969262 2.00 2.00 5.00
27.775284 6.011478 3.00 0.50 5.00
29.242573 4.604994 3.00 0.70 5.00
31.001471 2.704601 3.00 1.00 5.00
32.079369 1.552845 3.00 1.30 5.00
32.495228 1.158573 3.00 1.50 5.00
32.758331 0.944485 3.00 1.70 5.00
32.986019 0.801001 3.00 2.00 5.00
27.108660 6.196667 4.00 0.50 5.00
28.693657 4.775051 4.00 0.70 5.00
30.708717 2.715299 4.00 1.00 5.00
32.012848 1.438554 4.00 1.30 5.00
32.515144 1.037086 4.00 1.50 5.00
32.822174 0.847779 4.00 1.70 5.00
33.074368 0.752542 4.00 2.00 5.00
23.988239 0.856413 1.00 0.50 15.00
24.189190 0.823198 1.00 0.70 15.00
24.350065 0.834315 1.00 1.00 15.00
24.418940 0.857202 1.00 1.30 15.00
24.440037 0.870883 1.00 1.50 15.00
24.450562 0.881995 1.00 1.70 15.00
24.458458 0.893708 1.00 2.00 15.00
23.481491 1.012411 2.00 0.50 15.00
23.872591 0.823203 2.00 0.70 15.00
24.218636 0.759158 2.00 1.00 15.00
24.375530 0.794783 2.00 1.30 15.00
24.426119 0.827788 2.00 1.50 15.00
24.454834 0.857150 2.00 1.70 15.00
24.476694 0.893255 2.00 2.00 15.00
23.144993 1.149524 3.00 0.50 15.00
23.658638 0.846697 3.00 0.70 15.00
24.141586 0.711953 3.00 1.00 15.00
24.364677 0.755710 3.00 1.30 15.00
24.433678 0.804956 3.00 1.50 15.00
24.470543 0.849657 3.00 1.70 15.00
24.496082 0.901117 3.00 2.00 15.00
22.882996 1.264190 4.00 0.50 15.00
23.484121 0.877143 4.00 0.70 15.00
24.073877 0.679740 4.00 1.00 15.00
24.352602 0.728439 4.00 1.30 15.00
24.436567 0.791513 4.00 1.50 15.00
24.479282 0.848689 4.00 1.70 15.00
24.506868 0.913475 4.00 2.00 15.00
20.079065 0.865837 1.00 0.50 25.00
20.161087 0.905514 1.00 0.70 25.00
20.223133 0.956291 1.00 1.00 25.00
20.247231 0.990289 1.00 1.30 25.00
20.253660 1.006622 1.00 1.50 25.00
20.256084 1.019232 1.00 1.70 25.00
20.257507 1.033252 1.00 2.00 25.00
19.848328 0.772686 2.00 0.50 25.00
20.020679 0.799468 2.00 0.70 25.00
20.164242 0.875485 2.00 1.00 25.00
20.224350 0.944417 2.00 1.30 25.00
20.242071 0.979603 2.00 1.50 25.00
20.251286 1.006777 2.00 1.70 25.00
20.257271 1.036929 2.00 2.00 25.00
19.688221 0.742609 3.00 0.50 25.00
19.923813 0.743431 3.00 0.70 25.00
20.130058 0.826487 3.00 1.00 25.00
20.218016 0.918959 3.00 1.30 25.00
20.243090 0.967671 3.00 1.50 25.00
20.255276 1.004914 3.00 1.70 25.00
20.262388 1.043883 3.00 2.00 25.00
19.559450 0.730686 4.00 0.50 25.00
19.843147 0.704054 4.00 0.70 25.00
20.100012 0.785637 4.00 1.00 25.00
20.211800 0.898105 4.00 1.30 25.00
20.242945 0.959261 4.00 1.50 25.00
20.257483 1.005249 4.00 1.70 25.00
20.265263 1.052307 4.00 2.00 25.00
17.390778 1.009847 1.00 0.50 35.00
17.433338 1.048042 1.00 0.70 35.00
17.464802 1.091138 1.00 1.00 35.00
17.476229 1.118991 1.00 1.30 35.00
17.478971 1.132668 1.00 1.50 35.00
17.479805 1.142911 1.00 1.70 35.00
17.480057 1.154466 1.00 2.00 35.00
17.257441 0.886596 2.00 0.50 35.00
17.351612 0.942101 2.00 0.70 35.00
17.428883 1.022675 2.00 1.00 35.00
17.460516 1.082103 2.00 1.30 35.00
17.469603 1.111244 2.00 1.50 35.00
17.474224 1.132983 2.00 1.70 35.00
17.477127 1.156872 2.00 2.00 35.00
17.162954 0.819731 3.00 0.50 35.00
17.294359 0.875479 3.00 0.70 35.00
17.407639 0.977160 3.00 1.00 35.00
17.455393 1.060410 3.00 1.30 35.00
17.468801 1.100866 3.00 1.50 35.00
17.475235 1.130969 3.00 1.70 35.00
17.479006 1.162127 3.00 2.00 35.00
17.086088 0.775520 4.00 0.50 35.00
17.246565 0.826116 4.00 0.70 35.00
17.389408 0.941570 4.00 1.00 35.00
17.450901 1.044243 4.00 1.30 35.00
17.467964 1.094515 4.00 1.50 35.00
17.475906 1.131518 4.00 1.70 35.00
17.480206 1.168546 4.00 2.00 35.00
