27.797371 6.532447 1.00 0.00 5.00 5.00
27.696445 6.635374 1.00 0.00 15.00 5.00
27.675488 6.655517 1.00 0.00 25.00 5.00
27.667526 6.664418 1.00 0.00 35.00 5.00
26.018932 8.964737 2.00 0.00 5.00 5.00
25.649071 9.206963 2.00 0.00 15.00 5.00
25.575014 9.248159 2.00 0.00 25.00 5.00
25.543301 9.265086 2.00 0.00 35.00 5.00
25.189079 9.428186 3.00 0.00 5.00 5.00
24.533150 9.708229 3.00 0.00 15.00 5.00
24.399857 9.751822 3.00 0.00 25.00 5.00
24.342789 9.769280 3.00 0.00 35.00 5.00
24.812954 9.508195 4.00 0.00 5.00 5.00
23.856434 9.800590 4.00 0.00 15.00 5.00
23.654499 9.845595 4.00 0.00 25.00 5.00
23.567650 9.863506 4.00 0.00 35.00 5.00
24.270161 4.274671 1.00 0.00 5.00 15.00
24.221601 4.285844 1.00 0.00 15.00 15.00
24.211737 4.287074 1.00 0.00 25.00 15.00
24.207321 4.287511 1.00 0.00 35.00 15.00
23.591625 4.773090 2.00 0.00 5.00 15.00
23.370447 4.915420 2.00 0.00 15.00 15.00
23.324387 4.943287 2.00 0.00 25.00 15.00
23.304445 4.955019 2.00 0.00 35.00 15.00
23.129166 5.052237 3.00 0.00 5.00 15.00
22.705107 5.318137 3.00 0.00 15.00 15.00
22.615202 5.371789 3.00 0.00 25.00 15.00
22.576269 5.394721 3.00 0.00 35.00 15.00
22.894669 5.153959 4.00 0.00 5.00 15.00
22.251265 5.531786 4.00 0.00 15.00 15.00
22.108633 5.613266 4.00 0.00 25.00 15.00
22.046593 5.648222 4.00 0.00 35.00 15.00
21.638140 4.442257 1.00 0.00 5.00 25.00
21.610630 4.425808 1.00 0.00 15.00 25.00
21.605110 4.421640 1.00 0.00 25.00 25.00
21.602442 4.420112 1.00 0.00 35.00 25.00
21.339285 4.100350 2.00 0.00 5.00 25.00
21.202303 4.107098 2.00 0.00 15.00 25.00
21.173119 4.109494 2.00 0.00 25.00 25.00
21.160416 4.110662 2.00 0.00 35.00 25.00
21.063143 4.063332 3.00 0.00 5.00 25.00
20.787556 4.113160 3.00 0.00 15.00 25.00
20.727545 4.126631 3.00 0.00 25.00 25.00
20.701382 4.133017 3.00 0.00 35.00 25.00
20.912268 4.052987 4.00 0.00 5.00 25.00
20.482079 4.144179 4.00 0.00 15.00 25.00
20.383652 4.172386 4.00 0.00 25.00 25.00
20.340502 4.185483 4.00 0.00 35.00 25.00
19.594864 4.762735 1.00 0.00 5.00 35.00
19.577431 4.741455 1.00 0.00 15.00 35.00
19.573847 4.736793 1.00 0.00 25.00 35.00
19.572186 4.734996 1.00 0.00 35.00 35.00
19.442093 4.221861 2.00 0.00 5.00 35.00
19.351368 4.173513 2.00 0.00 15.00 35.00
19.331789 4.164759 2.00 0.00 25.00 35.00
19.323240 4.161069 2.00 0.00 35.00 35.00
19.261616 4.060874 3.00 0.00 5.00 35.00
19.074070 3.998588 3.00 0.00 15.00 35.00
19.032568 3.989383 3.00 0.00 25.00 35.00
19.014484 3.985713 3.00 0.00 35.00 35.00
19.158026 3.995799 4.00 0.00 5.00 35.00
18.859755 3.919679 4.00 0.00 15.00 35.00
18.790201 3.911210 4.00 0.00 25.00 35.00
18.759571 3.908437 4.00 0.00 35.00 35.00
29.144526 9.642305 1.00 0.00 5.00 2.50
29.010332 9.761243 1.00 0.00 15.00 2.50
28.982628 9.782452 1.00 0.00 25.00 2.50
28.971933 9.796065 1.00 0.00 35.00 2.50
26.637173 11.561172 2.00 0.00 5.00 2.50
26.209206 11.672599 2.00 0.00 15.00 2.50
26.124886 11.689610 2.00 0.00 25.00 2.50
26.088928 11.696255 2.00 0.00 35.00 2.50
25.644070 11.541329 3.00 0.00 5.00 2.50
24.911968 11.575634 3.00 0.00 15.00 2.50
24.765886 11.575852 3.00 0.00 25.00 2.50
24.703651 11.576166 3.00 0.00 35.00 2.50
25.215059 11.409320 4.00 0.00 5.00 2.50
24.163586 11.351775 4.00 0.00 15.00 2.50
23.945969 11.336444 4.00 0.00 25.00 2.50
23.852654 11.328858 4.00 0.00 35.00 2.50
27.004238 5.525922 1.00 0.00 5.00 7.50
26.918509 5.605157 1.00 0.00 15.00 7.50
26.900826 5.621021 1.00 0.00 25.00 7.50
26.893860 5.626948 1.00 0.00 35.00 7.50
25.558399 7.606619 2.00 0.00 5.00 7.50
25.223850 7.861044 2.00 0.00 15.00 7.50
25.156096 7.906008 2.00 0.00 25.00 7.50
25.127125 7.924747 2.00 0.00 35.00 7.50
24.821926 8.139680 3.00 0.00 5.00 7.50
24.217083 8.488077 3.00 0.00 15.00 7.50
24.092920 8.547443 3.00 0.00 25.00 7.50
24.039562 8.571468 3.00 0.00 35.00 7.50
24.478853 8.274380 4.00 0.00 5.00 7.50
23.588774 8.687902 4.00 0.00 15.00 7.50
23.398870 8.761654 4.00 0.00 25.00 7.50
23.317051 8.792615 4.00 0.00 35.00 7.50
25.903864 4.711490 1.00 0.00 5.00 10.00
25.835535 4.759758 1.00 0.00 15.00 10.00
25.821526 4.768936 1.00 0.00 25.00 10.00
25.815737 4.771660 1.00 0.00 35.00 10.00
24.828236 6.133939 2.00 0.00 5.00 10.00
24.541872 6.362368 2.00 0.00 15.00 10.00
24.483223 6.404382 2.00 0.00 25.00 10.00
24.457956 6.421836 2.00 0.00 35.00 10.00
24.211332 6.618247 3.00 0.00 5.00 10.00
23.680265 6.977201 3.00 0.00 15.00 10.00
23.569836 7.043826 3.00 0.00 25.00 10.00
23.522276 7.071280 3.00 0.00 35.00 10.00
23.914227 6.771294 4.00 0.00 5.00 10.00
23.123384 7.240062 4.00 0.00 15.00 10.00
22.951973 7.330411 4.00 0.00 25.00 10.00
22.877752 7.368861 4.00 0.00 35.00 10.00
22.863335 4.289075 1.00 0.00 5.00 20.00
22.827337 4.281250 1.00 0.00 15.00 20.00
22.820070 4.278386 1.00 0.00 25.00 20.00
22.816675 4.277584 1.00 0.00 35.00 20.00
22.421829 4.240051 2.00 0.00 5.00 20.00
22.249277 4.303324 2.00 0.00 15.00 20.00
22.212889 4.316916 2.00 0.00 25.00 20.00
22.197111 4.322809 2.00 0.00 35.00 20.00
22.068733 4.333682 3.00 0.00 5.00 20.00
21.728609 4.480769 3.00 0.00 15.00 20.00
21.655369 4.513409 3.00 0.00 25.00 20.00
21.623602 4.527882 3.00 0.00 35.00 20.00
21.882092 4.373599 4.00 0.00 5.00 20.00
21.357977 4.599648 4.00 0.00 15.00 20.00
21.239790 4.654765 4.00 0.00 25.00 20.00
21.188128 4.679076 4.00 0.00 35.00 20.00
25.043240 11.329743 5.00 0.00 5.00 2.50
23.693707 11.167037 5.00 0.00 15.00 2.50
23.394676 11.133536 5.00 0.00 25.00 2.50
23.265375 11.121171 5.00 0.00 35.00 2.50
24.664291 9.535265 5.00 0.00 5.00 5.00
23.425909 9.812522 5.00 0.00 15.00 5.00
23.145802 9.857594 5.00 0.00 25.00 5.00
23.024187 9.876099 5.00 0.00 35.00 5.00
24.333401 8.304990 5.00 0.00 5.00 7.50
23.177742 8.751814 5.00 0.00 15.00 7.50
22.913067 8.836778 5.00 0.00 25.00 7.50
22.797720 8.872082 5.00 0.00 35.00 7.50
23.783829 6.810489 5.00 0.00 5.00 10.00
22.749201 7.353640 5.00 0.00 15.00 10.00
22.508154 7.468700 5.00 0.00 25.00 10.00
22.402704 7.517391 5.00 0.00 35.00 10.00
22.809216 5.211185 5.00 0.00 5.00 15.00
21.955223 5.673566 5.00 0.00 15.00 15.00
21.751320 5.783571 5.00 0.00 25.00 15.00
21.661518 5.831933 5.00 0.00 35.00 15.00
21.825872 4.385828 5.00 0.00 5.00 20.00
21.121849 4.677736 5.00 0.00 15.00 20.00
20.950201 4.757118 5.00 0.00 25.00 20.00
20.874302 4.793274 5.00 0.00 35.00 20.00
20.865549 4.032281 5.00 0.00 5.00 25.00
20.282707 4.155056 5.00 0.00 15.00 25.00
20.138433 4.199414 5.00 0.00 25.00 25.00
20.074411 4.220545 5.00 0.00 35.00 25.00
19.122412 3.959892 5.00 0.00 5.00 35.00
18.714211 3.868059 5.00 0.00 15.00 35.00
18.610817 3.861269 5.00 0.00 25.00 35.00
18.564615 3.860057 5.00 0.00 35.00 35.00
29.333141 9.368188 1.00 0.00 2.50 2.50
29.059370 9.644872 1.00 0.00 7.50 2.50
29.027248 9.674795 1.00 0.00 10.00 2.50
28.977123 9.717552 1.00 0.00 20.00 2.50
27.276291 11.257162 2.00 0.00 2.50 2.50
26.416731 11.588101 2.00 0.00 7.50 2.50
26.310032 11.614080 2.00 0.00 10.00 2.50
26.151217 11.648918 2.00 0.00 20.00 2.50
26.676960 11.329227 3.00 0.00 2.50 2.50
25.275335 11.540536 3.00 0.00 7.50 2.50
25.091806 11.548302 3.00 0.00 10.00 2.50
24.817419 11.553150 3.00 0.00 20.00 2.50
26.531300 11.298651 4.00 0.00 2.50 2.50
24.698147 11.367123 4.00 0.00 7.50 2.50
24.431646 11.353120 4.00 0.00 10.00 2.50
24.025169 11.326160 4.00 0.00 20.00 2.50
26.506582 11.287570 5.00 0.00 2.50 2.50
24.404177 11.235866 5.00 0.00 7.50 2.50
24.056082 11.190852 5.00 0.00 10.00 2.50
23.505909 11.125005 5.00 0.00 20.00 2.50
27.939434 6.310290 1.00 0.00 2.50 5.00
27.737539 6.542861 1.00 0.00 7.50 5.00
27.713413 6.564425 1.00 0.00 10.00 5.00
27.675152 6.601951 1.00 0.00 20.00 5.00
26.549387 8.452035 2.00 0.00 2.50 5.00
25.829468 9.042388 2.00 0.00 7.50 5.00
25.737120 9.101518 2.00 0.00 10.00 5.00
25.598154 9.181984 2.00 0.00 20.00 5.00
26.075397 8.812190 3.00 0.00 2.50 5.00
24.861862 9.537648 3.00 0.00 7.50 5.00
24.696857 9.604641 3.00 0.00 10.00 5.00
24.447659 9.695288 3.00 0.00 20.00 5.00
25.955128 8.859520 4.00 0.00 2.50 5.00
24.347725 9.629764 4.00 0.00 7.50 5.00
24.104168 9.700005 4.00 0.00 10.00 5.00
23.729286 9.794892 4.00 0.00 20.00 5.00
25.934233 8.862797 5.00 0.00 2.50 5.00
24.079670 9.622960 5.00 0.00 7.50 5.00
23.759329 9.691105 5.00 0.00 10.00 5.00
23.247421 9.785406 5.00 0.00 20.00 5.00
27.117083 5.358385 1.00 0.00 2.50 7.50
26.948078 5.536948 1.00 0.00 7.50 7.50
26.927618 5.552264 1.00 0.00 10.00 7.50
26.894863 5.581793 1.00 0.00 20.00 7.50
26.022566 7.119549 2.00 0.00 2.50 7.50
25.382774 7.708725 2.00 0.00 7.50 7.50
25.299091 7.771585 2.00 0.00 10.00 7.50
25.172792 7.859863 2.00 0.00 20.00 7.50
25.614500 7.485508 3.00 0.00 2.50 7.50
24.517780 8.296615 3.00 0.00 7.50 7.50
24.365505 8.381715 3.00 0.00 10.00 7.50
24.134327 8.500740 3.00 0.00 20.00 7.50
25.508509 7.544559 4.00 0.00 2.50 7.50
24.045452 8.467928 4.00 0.00 7.50 7.50
23.818699 8.571022 4.00 0.00 10.00 7.50
23.467470 8.715529 4.00 0.00 20.00 7.50
25.489939 7.550895 5.00 0.00 2.50 7.50
23.796091 8.509928 5.00 0.00 7.50 7.50
23.496210 8.621993 5.00 0.00 10.00 7.50
23.013922 8.788262 5.00 0.00 20.00 7.50
25.998760 4.656443 1.00 0.00 2.50 10.00
25.866457 4.763946 1.00 0.00 7.50 10.00
25.850124 4.771405 1.00 0.00 10.00 10.00
25.823843 4.789180 1.00 0.00 20.00 10.00
25.222141 5.779100 2.00 0.00 2.50 10.00
24.685772 6.270262 2.00 0.00 7.50 10.00
24.613754 6.326560 2.00 0.00 10.00 10.00
24.504671 6.407578 2.00 0.00 20.00 10.00
24.893082 6.070311 3.00 0.00 2.50 10.00
23.951998 6.819011 3.00 0.00 7.50 10.00
23.817661 6.907609 3.00 0.00 10.00 10.00
23.612263 7.034822 3.00 0.00 20.00 10.00
24.804659 6.122312 4.00 0.00 2.50 10.00
23.536572 7.019638 4.00 0.00 7.50 10.00
23.333973 7.135930 4.00 0.00 10.00 10.00
23.017529 7.307391 4.00 0.00 20.00 10.00
24.788887 6.128342 5.00 0.00 2.50 10.00
23.313301 7.087005 5.00 0.00 7.50 10.00
23.043535 7.224276 5.00 0.00 10.00 10.00
22.605270 7.435242 5.00 0.00 20.00 10.00
24.346718 4.301414 1.00 0.00 2.50 15.00
24.254717 4.328219 1.00 0.00 7.50 15.00
24.243023 4.327354 1.00 0.00 10.00 15.00
24.224068 4.331528 1.00 0.00 20.00 15.00
23.895727 4.611186 2.00 0.00 2.50 15.00
23.493259 4.885591 2.00 0.00 7.50 15.00
23.437372 4.920782 2.00 0.00 10.00 15.00
23.351992 4.973009 2.00 0.00 20.00 15.00
23.661615 4.741759 3.00 0.00 2.50 15.00
22.933357 5.221639 3.00 0.00 7.50 15.00
22.825632 5.288304 3.00 0.00 10.00 15.00
22.659040 5.388326 3.00 0.00 20.00 15.00
23.595587 4.764987 4.00 0.00 2.50 15.00
22.599716 5.370111 4.00 0.00 7.50 15.00
22.433933 5.465293 4.00 0.00 10.00 15.00
22.171711 5.613801 4.00 0.00 20.00 15.00
23.583513 4.767064 5.00 0.00 2.50 15.00
22.415840 5.427797 5.00 0.00 7.50 15.00
22.192589 5.546263 5.00 0.00 10.00 15.00
21.824823 5.741364 5.00 0.00 20.00 15.00
22.957624 4.298261 1.00 0.00 2.50 20.00
22.891438 4.284803 1.00 0.00 7.50 20.00
22.882717 4.279642 1.00 0.00 10.00 20.00
22.868687 4.277494 1.00 0.00 20.00 20.00
22.688988 4.174878 2.00 0.00 2.50 20.00
22.379072 4.281973 2.00 0.00 7.50 20.00
22.334951 4.298738 2.00 0.00 10.00 20.00
22.267149 4.323945 2.00 0.00 20.00 20.00
22.515791 4.190901 3.00 0.00 2.50 20.00
21.941587 4.418545 3.00 0.00 7.50 20.00
21.854168 4.457278 3.00 0.00 10.00 20.00
21.718023 4.518188 3.00 0.00 20.00 20.00
22.464540 4.191138 4.00 0.00 2.50 20.00
21.670237 4.492834 4.00 0.00 7.50 20.00
21.533867 4.553532 4.00 0.00 10.00 20.00
21.316147 4.653435 4.00 0.00 20.00 20.00
22.454966 4.189852 5.00 0.00 2.50 20.00
21.517817 4.522060 5.00 0.00 7.50 20.00
21.332495 4.600070 5.00 0.00 10.00 20.00
21.024014 4.737786 5.00 0.00 20.00 20.00
21.690510 4.458015 1.00 0.00 2.50 25.00
21.641079 4.423712 1.00 0.00 7.50 25.00
21.634424 4.417474 1.00 0.00 10.00 25.00
21.623585 4.411412 1.00 0.00 20.00 25.00
21.528349 4.099982 2.00 0.00 2.50 25.00
21.287809 4.089777 2.00 0.00 7.50 25.00
21.252897 4.092133 2.00 0.00 10.00 25.00
21.198881 4.096257 2.00 0.00 20.00 25.00
21.398300 4.039720 3.00 0.00 2.50 25.00
20.944731 4.071944 3.00 0.00 7.50 25.00
20.874079 4.085879 3.00 0.00 10.00 25.00
20.763437 4.110774 3.00 0.00 20.00 25.00
21.358376 4.023465 4.00 0.00 2.50 25.00
20.724419 4.077555 4.00 0.00 7.50 25.00
20.612741 4.103410 4.00 0.00 10.00 25.00
20.433098 4.152220 4.00 0.00 20.00 25.00
21.350775 4.019725 5.00 0.00 2.50 25.00
20.598305 4.075470 5.00 0.00 7.50 25.00
20.445232 4.110073 5.00 0.00 10.00 25.00
20.188147 4.182313 5.00 0.00 20.00 25.00
19.621943 4.800433 1.00 0.00 2.50 35.00
19.591806 4.756277 1.00 0.00 7.50 35.00
19.587517 4.750192 1.00 0.00 10.00 35.00
19.580582 4.742697 1.00 0.00 20.00 35.00
19.555805 4.322803 2.00 0.00 2.50 35.00
19.400549 4.209913 2.00 0.00 7.50 35.00
19.377438 4.198012 2.00 0.00 10.00 35.00
19.341402 4.181290 2.00 0.00 20.00 35.00
19.473879 4.204009 3.00 0.00 2.50 35.00
19.173321 4.040507 3.00 0.00 7.50 35.00
19.125219 4.025656 3.00 0.00 10.00 35.00
19.049145 4.006639 3.00 0.00 20.00 35.00
19.447336 4.173736 4.00 0.00 2.50 35.00
19.020609 3.965341 4.00 0.00 7.50 35.00
18.942974 3.947658 4.00 0.00 10.00 35.00
18.816896 3.927783 4.00 0.00 20.00 35.00
19.442101 4.167956 5.00 0.00 2.50 35.00
18.930971 3.924396 5.00 0.00 7.50 35.00
18.823244 3.901819 5.00 0.00 10.00 35.00
18.640148 3.880365 5.00 0.00 20.00 35.00
