30.065536 13.981912 1.00 0.00 5.00 5.00
29.900452 14.021543 1.00 0.00 15.00 5.00
29.867128 14.023552 1.00 0.00 25.00 5.00
29.852486 14.025337 1.00 0.00 35.00 5.00
26.915312 13.189607 2.00 0.00 5.00 5.00
26.454378 13.133273 2.00 0.00 15.00 5.00
26.364491 13.121420 2.00 0.00 25.00 5.00
26.326319 13.116818 2.00 0.00 35.00 5.00
25.818439 12.537811 3.00 0.00 5.00 5.00
25.049301 12.367782 3.00 0.00 15.00 5.00
24.897680 12.338622 3.00 0.00 25.00 5.00
24.833132 12.326581 3.00 0.00 35.00 5.00
25.360691 12.211649 4.00 0.00 5.00 5.00
24.265869 11.910609 4.00 0.00 15.00 5.00
24.041765 11.861860 4.00 0.00 25.00 5.00
23.946125 11.843291 4.00 0.00 35.00 5.00
29.354528 9.810698 1.00 0.00 5.00 15.00
29.214520 9.944542 1.00 0.00 15.00 15.00
29.187214 9.970261 1.00 0.00 25.00 15.00
29.174616 9.977612 1.00 0.00 35.00 15.00
26.749102 12.009809 2.00 0.00 5.00 15.00
26.310179 12.093417 2.00 0.00 15.00 15.00
26.223789 12.104096 2.00 0.00 25.00 15.00
26.186974 12.107870 2.00 0.00 35.00 15.00
25.732250 11.957111 3.00 0.00 5.00 15.00
24.985498 11.939008 3.00 0.00 15.00 15.00
24.837009 11.928934 3.00 0.00 25.00 15.00
24.773611 11.923942 3.00 0.00 35.00 15.00
25.295647 11.800055 4.00 0.00 5.00 15.00
24.225910 11.671853 4.00 0.00 15.00 15.00
24.004995 11.642262 4.00 0.00 25.00 15.00
23.910316 11.628709 4.00 0.00 35.00 15.00
28.353691 6.351546 1.00 0.00 5.00 25.00
28.241840 6.505084 1.00 0.00 15.00 25.00
28.219379 6.533700 1.00 0.00 25.00 25.00
28.209993 6.546400 1.00 0.00 35.00 25.00
26.455986 10.357672 2.00 0.00 5.00 25.00
26.052612 10.590349 2.00 0.00 15.00 25.00
25.971819 10.624620 2.00 0.00 25.00 25.00
25.937185 10.637579 2.00 0.00 35.00 25.00
25.569708 10.998657 3.00 0.00 5.00 25.00
24.862860 11.195126 3.00 0.00 15.00 25.00
24.719891 11.215160 3.00 0.00 25.00 25.00
24.658710 11.221705 3.00 0.00 35.00 25.00
25.170654 11.080659 4.00 0.00 5.00 25.00
24.146967 11.222370 4.00 0.00 15.00 25.00
23.931938 11.225656 4.00 0.00 25.00 25.00
23.839594 11.225969 4.00 0.00 35.00 25.00
27.275291 4.110114 1.00 0.00 5.00 35.00
27.187490 4.244198 1.00 0.00 15.00 35.00
27.169445 4.269161 1.00 0.00 25.00 35.00
27.161694 4.279643 1.00 0.00 35.00 35.00
26.065962 8.678817 2.00 0.00 5.00 35.00
25.704475 9.011431 2.00 0.00 15.00 35.00
25.630466 9.062630 2.00 0.00 25.00 35.00
25.598608 9.082752 2.00 0.00 35.00 35.00
25.335361 9.859006 3.00 0.00 5.00 35.00
24.680138 10.252572 3.00 0.00 15.00 35.00
24.544489 10.301274 3.00 0.00 25.00 35.00
24.486248 10.318660 3.00 0.00 35.00 35.00
24.984055 10.163364 4.00 0.00 5.00 35.00
24.022270 10.584476 4.00 0.00 15.00 35.00
23.815619 10.626007 4.00 0.00 25.00 35.00
23.726286 10.638994 4.00 0.00 35.00 35.00
