46.458271 0.109497 0.25 10.00 1.00 0.00 1.00
24.902355 6.282371 0.25 10.00 2.00 0.00 1.00
24.744194 6.304101 0.25 10.00 3.00 0.00 1.00
46.764454 0.098459 0.25 20.00 1.00 0.00 1.00
25.058229 6.270815 0.25 20.00 2.00 0.00 1.00
24.990746 6.279268 0.25 20.00 3.00 0.00 1.00
46.740620 0.098228 0.25 30.00 1.00 0.00 1.00
25.092398 6.267105 0.25 30.00 2.00 0.00 1.00
25.059694 6.271915 0.25 30.00 3.00 0.00 1.00
46.764454 0.098459 0.50 10.00 1.00 0.00 1.00
25.056841 6.270573 0.50 10.00 2.00 0.00 1.00
24.988136 6.279027 0.50 10.00 3.00 0.00 1.00
46.674850 0.106181 0.50 20.00 1.00 0.00 1.00
25.103827 6.263580 0.50 20.00 2.00 0.00 1.00
25.085176 6.268242 0.50 20.00 3.00 0.00 1.00
46.348873 0.127425 0.50 30.00 1.00 0.00 1.00
25.110907 6.259845 0.50 30.00 2.00 0.00 1.00
25.104103 6.263531 0.50 30.00 3.00 0.00 1.00
46.740620 0.098228 0.75 10.00 1.00 0.00 1.00
25.090527 6.266785 0.75 10.00 2.00 0.00 1.00
25.056208 6.271750 0.75 10.00 3.00 0.00 1.00
46.348873 0.127425 0.75 20.00 1.00 0.00 1.00
25.110746 6.259992 0.75 20.00 2.00 0.00 1.00
25.103600 6.263732 0.75 20.00 3.00 0.00 1.00
46.951855 0.087719 0.75 30.00 1.00 0.00 1.00
25.112225 6.259169 0.75 30.00 2.00 0.00 1.00
25.110828 6.259869 0.75 30.00 3.00 0.00 1.00
46.969276 0.345651 0.25 10.00 1.00 1.00 1.00
24.928865 6.372872 0.25 10.00 2.00 1.00 1.00
24.769957 6.391074 0.25 10.00 3.00 1.00 1.00
46.967636 0.345596 0.25 20.00 1.00 1.00 1.00
25.083664 6.363960 0.25 20.00 2.00 1.00 1.00
25.015753 6.370531 0.25 20.00 3.00 1.00 1.00
46.964878 0.349883 0.25 30.00 1.00 1.00 1.00
25.117821 6.361045 0.25 30.00 2.00 1.00 1.00
25.084806 6.364632 0.25 30.00 3.00 1.00 1.00
46.967636 0.345596 0.50 10.00 1.00 1.00 1.00
25.082268 6.363712 0.50 10.00 2.00 1.00 1.00
25.013088 6.370405 0.50 10.00 3.00 1.00 1.00
46.967056 0.346272 0.50 20.00 1.00 1.00 1.00
25.129200 6.357990 0.50 20.00 2.00 1.00 1.00
25.110466 6.362121 0.50 20.00 3.00 1.00 1.00
46.966373 0.331495 0.50 30.00 1.00 1.00 1.00
25.136263 6.354285 0.50 30.00 2.00 1.00 1.00
25.129400 6.357666 0.50 30.00 3.00 1.00 1.00
46.964878 0.349883 0.75 10.00 1.00 1.00 1.00
25.115932 6.360874 0.75 10.00 2.00 1.00 1.00
25.081245 6.364336 0.75 10.00 3.00 1.00 1.00
46.966373 0.331495 0.75 20.00 1.00 1.00 1.00
25.136082 6.354393 0.75 20.00 2.00 1.00 1.00
25.128891 6.357832 0.75 20.00 3.00 1.00 1.00
46.968632 0.345362 0.75 30.00 1.00 1.00 1.00
25.137537 6.353544 0.75 30.00 2.00 1.00 1.00
25.136143 6.354254 0.75 30.00 3.00 1.00 1.00
43.247269 0.896897 0.25 10.00 1.00 2.00 1.00
24.904665 6.280042 0.25 10.00 2.00 2.00 1.00
24.745089 6.298921 0.25 10.00 3.00 2.00 1.00
43.103695 0.896266 0.25 20.00 1.00 2.00 1.00
25.058765 6.269548 0.25 20.00 2.00 2.00 1.00
24.990932 6.276532 0.25 20.00 3.00 2.00 1.00
43.113171 0.897998 0.25 30.00 1.00 2.00 1.00
25.092596 6.265657 0.25 30.00 2.00 2.00 1.00
25.059813 6.270356 0.25 30.00 3.00 2.00 1.00
43.103695 0.896266 0.50 10.00 1.00 2.00 1.00
25.057417 6.269480 0.50 10.00 2.00 2.00 1.00
24.988342 6.276345 0.50 10.00 3.00 2.00 1.00
43.142616 0.893008 0.50 20.00 1.00 2.00 1.00
25.103951 6.262303 0.50 20.00 2.00 2.00 1.00
25.085295 6.267052 0.50 20.00 3.00 2.00 1.00
43.294125 0.899544 0.50 30.00 1.00 2.00 1.00
25.111012 6.258627 0.50 30.00 2.00 2.00 1.00
25.104168 6.262161 0.50 30.00 3.00 2.00 1.00
43.113171 0.897998 0.75 10.00 1.00 2.00 1.00
25.090757 6.265483 0.75 10.00 2.00 2.00 1.00
25.056292 6.270011 0.75 10.00 3.00 2.00 1.00
43.294125 0.899544 0.75 20.00 1.00 2.00 1.00
25.110855 6.258774 0.75 20.00 2.00 2.00 1.00
25.103662 6.262326 0.75 20.00 3.00 2.00 1.00
43.028072 0.900458 0.75 30.00 1.00 2.00 1.00
25.112267 6.257957 0.75 30.00 2.00 2.00 1.00
25.110895 6.258589 0.75 30.00 3.00 2.00 1.00
34.181988 0.085089 0.25 10.00 1.00 0.00 5.00
24.844397 6.053268 0.25 10.00 2.00 0.00 5.00
24.701227 6.068978 0.25 10.00 3.00 0.00 5.00
34.199150 0.091429 0.25 20.00 1.00 0.00 5.00
24.990061 6.041888 0.25 20.00 2.00 0.00 5.00
24.926186 6.049097 0.25 20.00 3.00 0.00 5.00
34.195286 0.093469 0.25 30.00 1.00 0.00 5.00
25.022673 6.038992 0.25 30.00 2.00 0.00 5.00
24.991344 6.042783 0.25 30.00 3.00 0.00 5.00
34.199150 0.091429 0.50 10.00 1.00 0.00 5.00
24.989353 6.041847 0.50 10.00 2.00 0.00 5.00
24.925007 6.049153 0.50 10.00 3.00 0.00 5.00
34.193344 0.091744 0.50 20.00 1.00 0.00 5.00
25.033842 6.036261 0.50 20.00 2.00 0.00 5.00
25.016010 6.040289 0.50 20.00 3.00 0.00 5.00
34.177151 0.085533 0.50 30.00 1.00 0.00 5.00
25.040489 6.032837 0.50 30.00 2.00 0.00 5.00
25.034109 6.036255 0.50 30.00 3.00 0.00 5.00
34.195286 0.093469 0.75 10.00 1.00 0.00 5.00
25.021656 6.038879 0.75 10.00 2.00 0.00 5.00
24.989712 6.042802 0.75 10.00 3.00 0.00 5.00
34.177151 0.085533 0.75 20.00 1.00 0.00 5.00
25.040407 6.032905 0.75 20.00 2.00 0.00 5.00
25.033869 6.036276 0.75 20.00 3.00 0.00 5.00
34.209259 0.087886 0.75 30.00 1.00 0.00 5.00
25.041557 6.032144 0.75 30.00 2.00 0.00 5.00
25.040442 6.032784 0.75 30.00 3.00 0.00 5.00
24.875105 0.125602 0.25 10.00 1.00 0.00 15.00
24.333941 4.641457 0.25 10.00 2.00 0.00 15.00
24.193348 4.636748 0.25 10.00 3.00 0.00 15.00
24.875511 0.125983 0.25 20.00 1.00 0.00 15.00
24.471857 4.627112 0.25 20.00 2.00 0.00 15.00
24.413214 4.638734 0.25 20.00 3.00 0.00 15.00
24.873608 0.126062 0.25 30.00 1.00 0.00 15.00
24.501284 4.619823 0.25 30.00 2.00 0.00 15.00
24.473228 4.627527 0.25 30.00 3.00 0.00 15.00
24.875511 0.125983 0.50 10.00 1.00 0.00 15.00
24.471560 4.627119 0.50 10.00 2.00 0.00 15.00
24.412861 4.638796 0.50 10.00 3.00 0.00 15.00
24.874033 0.127580 0.50 20.00 1.00 0.00 15.00
24.511805 4.617134 0.50 20.00 2.00 0.00 15.00
24.495567 4.621665 0.50 20.00 3.00 0.00 15.00
24.876450 0.126185 0.50 30.00 1.00 0.00 15.00
24.518772 4.614319 0.50 30.00 2.00 0.00 15.00
24.512136 4.617195 0.50 30.00 3.00 0.00 15.00
24.873608 0.126062 0.75 10.00 1.00 0.00 15.00
24.500874 4.619834 0.75 10.00 2.00 0.00 15.00
24.472767 4.627682 0.75 10.00 3.00 0.00 15.00
24.876450 0.126185 0.75 20.00 1.00 0.00 15.00
24.518723 4.614288 0.75 20.00 2.00 0.00 15.00
24.512074 4.617222 0.75 20.00 3.00 0.00 15.00
24.877850 0.125210 0.75 30.00 1.00 0.00 15.00
24.519924 4.613338 0.75 30.00 2.00 0.00 15.00
24.518831 4.614306 0.75 30.00 3.00 0.00 15.00
20.609774 0.153274 0.25 10.00 1.00 0.00 25.00
23.507299 3.131696 0.25 10.00 2.00 0.00 25.00
23.362951 3.118294 0.25 10.00 3.00 0.00 25.00
20.609125 0.153062 0.25 20.00 1.00 0.00 25.00
23.640297 3.117016 0.25 20.00 2.00 0.00 25.00
23.587029 3.130624 0.25 20.00 3.00 0.00 25.00
20.607841 0.153189 0.25 30.00 1.00 0.00 25.00
23.666462 3.108074 0.25 30.00 2.00 0.00 25.00
23.642115 3.117596 0.25 30.00 3.00 0.00 25.00
20.609125 0.153062 0.50 10.00 1.00 0.00 25.00
23.640146 3.117033 0.50 10.00 2.00 0.00 25.00
23.586878 3.130603 0.50 10.00 3.00 0.00 25.00
20.607977 0.154206 0.50 20.00 1.00 0.00 25.00
23.675583 3.104286 0.50 20.00 2.00 0.00 25.00
23.661806 3.110443 0.50 20.00 3.00 0.00 25.00
20.610849 0.155241 0.50 30.00 1.00 0.00 25.00
23.682093 3.101436 0.50 30.00 2.00 0.00 25.00
23.676041 3.104460 0.50 30.00 3.00 0.00 25.00
20.607841 0.153189 0.75 10.00 1.00 0.00 25.00
23.666241 3.108098 0.75 10.00 2.00 0.00 25.00
23.641930 3.117556 0.75 10.00 3.00 0.00 25.00
20.610849 0.155241 0.75 20.00 1.00 0.00 25.00
23.682060 3.101444 0.75 20.00 2.00 0.00 25.00
23.675993 3.104455 0.75 20.00 3.00 0.00 25.00
20.610563 0.152825 0.75 30.00 1.00 0.00 25.00
23.683605 3.100286 0.75 30.00 2.00 0.00 25.00
23.682217 3.101425 0.75 30.00 3.00 0.00 25.00
17.905550 0.171861 0.25 10.00 1.00 0.00 35.00
22.555323 2.046331 0.25 10.00 2.00 0.00 35.00
22.408714 2.032380 0.25 10.00 3.00 0.00 35.00
17.904718 0.171630 0.25 20.00 1.00 0.00 35.00
22.684467 2.032788 0.25 20.00 2.00 0.00 35.00
22.636778 2.045064 0.25 20.00 3.00 0.00 35.00
17.903770 0.171626 0.25 30.00 1.00 0.00 35.00
22.707735 2.024597 0.25 30.00 2.00 0.00 35.00
22.686985 2.033133 0.25 30.00 3.00 0.00 35.00
17.904718 0.171630 0.50 10.00 1.00 0.00 35.00
22.684381 2.032800 0.50 10.00 2.00 0.00 35.00
22.636702 2.045073 0.50 10.00 3.00 0.00 35.00
17.903669 0.172404 0.50 20.00 1.00 0.00 35.00
22.715643 2.021003 0.50 20.00 2.00 0.00 35.00
22.704197 2.026611 0.50 20.00 3.00 0.00 35.00
17.905989 0.173822 0.50 30.00 1.00 0.00 35.00
22.721230 2.018449 0.50 30.00 2.00 0.00 35.00
22.716215 2.021078 0.50 30.00 3.00 0.00 35.00
17.903770 0.171626 0.75 10.00 1.00 0.00 35.00
22.707613 2.024646 0.75 10.00 2.00 0.00 35.00
22.686880 2.033011 0.75 10.00 3.00 0.00 35.00
17.905989 0.173822 0.75 20.00 1.00 0.00 35.00
22.721218 2.018442 0.75 20.00 2.00 0.00 35.00
22.716211 2.021090 0.75 20.00 3.00 0.00 35.00
17.905775 0.171441 0.75 30.00 1.00 0.00 35.00
22.723000 2.017286 0.75 30.00 2.00 0.00 35.00
22.721436 2.018418 0.75 30.00 3.00 0.00 35.00
