27.646957 6.685357 1.00 5.00
25.464388 9.306236 2.00 5.00
24.200634 9.810877 3.00 5.00
23.351002 9.907609 4.00 5.00
24.197048 4.289723 1.00 15.00
23.254555 4.983689 2.00 15.00
22.478132 5.452196 3.00 15.00
21.889759 5.736696 4.00 15.00
21.596384 4.416963 1.00 25.00
21.128141 4.115227 2.00 25.00
20.635059 4.150892 3.00 25.00
20.230501 4.220712 4.00 25.00
19.568235 4.730813 1.00 35.00
19.301647 4.152096 2.00 35.00
18.968315 3.977052 3.00 35.00
18.681152 3.904285 4.00 35.00
28.945641 9.823289 1.00 2.50
25.999537 11.712146 2.00 2.50
24.549088 11.576427 3.00 2.50
23.620674 11.312793 4.00 2.50
26.876169 5.642378 1.00 7.50
25.054895 7.969552 2.00 7.50
23.906521 8.629689 3.00 7.50
23.111984 8.864475 4.00 7.50
25.801516 4.781124 1.00 10.00
24.395193 6.463907 2.00 10.00
23.402983 7.138536 3.00 10.00
22.691273 7.461195 4.00 10.00
22.808908 4.276076 1.00 20.00
22.157183 4.337837 2.00 20.00
21.543018 4.564685 3.00 20.00
21.057016 4.741612 4.00 20.00
