18.991669 3.044114 1.00 0.00 0.05
22.991518 1.337142 1.00 1.00 0.05
19.095427 3.423752 2.00 0.00 0.05
22.822752 3.787403 2.00 1.00 0.05
19.103592 3.450954 3.00 0.00 0.05
22.402082 4.897648 3.00 1.00 0.05
19.105932 3.454858 4.00 0.00 0.05
22.017397 5.329617 4.00 1.00 0.05
16.739212 0.666503 1.00 0.00 0.15
18.608873 0.533396 1.00 1.00 0.15
17.069454 0.821320 2.00 0.00 0.15
19.355051 1.217272 2.00 1.00 0.15
17.099443 0.834899 3.00 0.00 0.15
19.513330 1.654877 3.00 1.00 0.15
17.105490 0.836753 4.00 0.00 0.15
19.491518 1.930417 4.00 1.00 0.15
14.717816 0.521445 1.00 0.00 0.25
16.093107 0.564760 1.00 1.00 0.25
15.019858 0.623785 2.00 0.00 0.25
16.764259 0.931632 2.00 1.00 0.25
15.051067 0.633916 3.00 0.00 0.25
16.991100 1.115896 3.00 1.00 0.25
15.058681 0.635990 4.00 0.00 0.25
17.051399 1.217913 4.00 1.00 0.25
13.159514 0.475849 1.00 0.00 0.35
14.169842 0.589864 1.00 1.00 0.35
13.370382 0.543316 2.00 0.00 0.35
14.582615 0.807566 2.00 1.00 0.35
13.395604 0.550341 3.00 0.00 0.35
14.739119 0.895380 3.00 1.00 0.35
13.402216 0.552308 4.00 0.00 0.35
14.787406 0.939780 4.00 1.00 0.35
