26.760914 1.338186 1.00 0.50 0.05
25.640223 0.617062 1.00 0.70 0.05
24.942068 0.369039 1.00 1.00 0.05
24.775225 0.310729 1.00 1.30 0.05
24.757717 0.300687 1.00 1.50 0.05
24.741550 0.288652 1.00 1.70 0.05
24.743023 0.288080 1.00 2.00 0.05
25.897118 2.136182 2.00 0.50 0.05
23.749660 0.667449 2.00 0.70 0.05
21.784597 0.314348 2.00 1.00 0.05
21.201506 0.244545 2.00 1.30 0.05
21.098801 0.229205 2.00 1.50 0.05
21.058130 0.224126 2.00 1.70 0.05
21.028030 0.218682 2.00 2.00 0.05
25.535671 2.742646 3.00 0.50 0.05
23.240891 0.731857 3.00 0.70 0.05
20.537165 0.318307 3.00 1.00 0.05
19.573662 0.226737 3.00 1.30 0.05
19.375971 0.205539 3.00 1.50 0.05
19.300024 0.196758 3.00 1.70 0.05
19.257074 0.190907 3.00 2.00 0.05
25.179548 3.154204 4.00 0.50 0.05
22.963295 0.800083 4.00 0.70 0.05
19.993410 0.332598 4.00 1.00 0.05
18.814056 0.231275 4.00 1.30 0.05
18.557247 0.203768 4.00 1.50 0.05
18.458733 0.191232 4.00 1.70 0.05
18.402491 0.186097 4.00 2.00 0.05
19.079073 0.307300 1.00 0.50 0.15
17.486155 0.244313 1.00 0.70 0.15
16.601686 0.199492 1.00 1.00 0.15
16.379074 0.185915 1.00 1.30 0.15
16.339943 0.185274 1.00 1.50 0.15
16.318226 0.179042 1.00 1.70 0.15
16.315998 0.180104 1.00 2.00 0.15
18.650633 0.440744 2.00 0.50 0.15
16.115419 0.323262 2.00 0.70 0.15
14.391355 0.233543 2.00 1.00 0.15
13.912739 0.199155 2.00 1.30 0.15
13.828108 0.190906 2.00 1.50 0.15
13.788103 0.186171 2.00 1.70 0.15
13.770512 0.183553 2.00 2.00 0.15
18.450310 0.492113 3.00 0.50 0.15
15.752857 0.338999 3.00 0.70 0.15
13.871851 0.241888 3.00 1.00 0.15
13.329145 0.199947 3.00 1.30 0.15
13.227274 0.190325 3.00 1.50 0.15
13.178143 0.185492 3.00 1.70 0.15
13.161251 0.182873 3.00 2.00 0.15
18.304916 0.526150 4.00 0.50 0.15
15.590123 0.340628 4.00 0.70 0.15
13.747833 0.238572 4.00 1.00 0.15
13.231192 0.198733 4.00 1.30 0.15
13.134921 0.189163 4.00 1.50 0.15
13.087350 0.185037 4.00 1.70 0.15
13.073072 0.182757 4.00 2.00 0.15
15.228580 0.282380 1.00 0.50 0.25
13.725651 0.234181 1.00 0.70 0.25
12.910652 0.193969 1.00 1.00 0.25
12.708035 0.181418 1.00 1.30 0.25
12.669866 0.180487 1.00 1.50 0.25
12.653416 0.175638 1.00 1.70 0.25
12.652804 0.176375 1.00 2.00 0.25
14.835114 0.357810 2.00 0.50 0.25
12.751893 0.278581 2.00 0.70 0.25
11.480557 0.211443 2.00 1.00 0.25
11.142084 0.187487 2.00 1.30 0.25
11.079711 0.182195 2.00 1.50 0.25
11.052505 0.178241 2.00 1.70 0.25
11.045194 0.177302 2.00 2.00 0.25
14.647465 0.370390 3.00 0.50 0.25
12.521597 0.278243 3.00 0.70 0.25
11.280067 0.210294 3.00 1.00 0.25
10.961647 0.185713 3.00 1.30 0.25
10.903294 0.181469 3.00 1.50 0.25
10.874129 0.177593 3.00 1.70 0.25
10.870408 0.177241 3.00 2.00 0.25
14.538120 0.373761 4.00 0.50 0.25
12.428943 0.275126 4.00 0.70 0.25
11.241698 0.206630 4.00 1.00 0.25
10.945856 0.185173 4.00 1.30 0.25
10.894038 0.181633 4.00 1.50 0.25
10.864606 0.177323 4.00 1.70 0.25
10.862873 0.177332 4.00 2.00 0.25
12.739524 0.286374 1.00 0.50 0.35
11.378623 0.233119 1.00 0.70 0.35
10.653073 0.194422 1.00 1.00 0.35
10.474125 0.182786 1.00 1.30 0.35
10.439198 0.181785 1.00 1.50 0.35
10.427593 0.178291 1.00 1.70 0.35
10.427895 0.178963 1.00 2.00 0.35
12.372108 0.340199 2.00 0.50 0.35
10.686105 0.259748 2.00 0.70 0.35
9.741810 0.204751 2.00 1.00 0.35
9.503628 0.187161 2.00 1.30 0.35
9.453705 0.182881 2.00 1.50 0.35
9.438524 0.180398 2.00 1.70 0.35
9.435991 0.180156 2.00 2.00 0.35
12.219555 0.342675 3.00 0.50 0.35
10.545980 0.255817 3.00 0.70 0.35
9.662945 0.202458 3.00 1.00 0.35
9.454782 0.185628 3.00 1.30 0.35
9.406692 0.182104 3.00 1.50 0.35
9.394207 0.180188 3.00 1.70 0.35
9.393815 0.180306 3.00 2.00 0.35
12.141460 0.341513 4.00 0.50 0.35
10.492929 0.253174 4.00 0.70 0.35
9.645994 0.200279 4.00 1.00 0.35
9.450203 0.185157 4.00 1.30 0.35
9.403423 0.181883 4.00 1.50 0.35
9.393349 0.180205 4.00 1.70 0.35
9.393462 0.180392 4.00 2.00 0.35
