38.169056 0.065997 0.25 10.00 1.00 5.00
24.903166 6.257323 0.25 10.00 2.00 5.00
24.755972 6.273770 0.25 10.00 3.00 5.00
38.198013 0.094878 0.25 20.00 1.00 5.00
25.051558 6.247473 0.25 20.00 2.00 5.00
24.986275 6.253446 0.25 20.00 3.00 5.00
38.193539 0.101105 0.25 30.00 1.00 5.00
25.084778 6.244609 0.25 30.00 2.00 5.00
25.052841 6.248389 0.25 30.00 3.00 5.00
38.198013 0.094878 0.50 10.00 1.00 5.00
25.050659 6.247355 0.50 10.00 2.00 5.00
24.984678 6.253331 0.50 10.00 3.00 5.00
38.191082 0.095323 0.50 20.00 1.00 5.00
25.095957 6.241658 0.50 20.00 2.00 5.00
25.077925 6.245972 0.50 20.00 3.00 5.00
38.164665 0.076143 0.50 30.00 1.00 5.00
25.102654 6.237958 0.50 30.00 2.00 5.00
25.096209 6.241623 0.50 30.00 3.00 5.00
38.193539 0.101105 0.75 10.00 1.00 5.00
25.083487 6.244445 0.75 10.00 2.00 5.00
25.050650 6.248370 0.75 10.00 3.00 5.00
38.164665 0.076143 0.75 20.00 1.00 5.00
25.102549 6.237994 0.75 20.00 2.00 5.00
25.095861 6.241620 0.75 20.00 3.00 5.00
38.211334 0.093136 0.75 30.00 1.00 5.00
25.103758 6.237186 0.75 30.00 2.00 5.00
25.102581 6.237830 0.75 30.00 3.00 5.00
29.241611 0.101779 0.25 10.00 1.00 15.00
24.708834 5.621960 0.25 10.00 2.00 15.00
24.567865 5.627308 0.25 10.00 3.00 15.00
29.243061 0.106546 0.25 20.00 1.00 15.00
24.851068 5.608730 0.25 20.00 2.00 15.00
24.788986 5.617316 0.25 20.00 3.00 15.00
29.240095 0.106048 0.25 30.00 1.00 15.00
24.882481 5.604091 0.25 30.00 2.00 15.00
24.852217 5.609118 0.25 30.00 3.00 15.00
29.243061 0.106546 0.50 10.00 1.00 15.00
24.850609 5.608765 0.50 10.00 2.00 15.00
24.788357 5.617340 0.50 10.00 3.00 15.00
29.241344 0.107559 0.50 20.00 1.00 15.00
24.894295 5.603939 0.50 20.00 2.00 15.00
24.875978 5.604675 0.50 20.00 3.00 15.00
29.243530 0.103434 0.50 30.00 1.00 15.00
24.901051 5.600414 0.50 30.00 2.00 15.00
24.894608 5.603933 0.50 30.00 3.00 15.00
29.240095 0.106048 0.75 10.00 1.00 15.00
24.881878 5.604201 0.75 10.00 2.00 15.00
24.851355 5.609103 0.75 10.00 3.00 15.00
29.243530 0.103434 0.75 20.00 1.00 15.00
24.900974 5.600358 0.75 20.00 2.00 15.00
24.894459 5.603904 0.75 20.00 3.00 15.00
29.245371 0.103851 0.75 30.00 1.00 15.00
24.902081 5.599532 0.75 30.00 2.00 15.00
24.901060 5.600332 0.75 30.00 3.00 15.00
24.980793 0.120406 0.25 10.00 1.00 25.00
24.354998 4.676809 0.25 10.00 2.00 25.00
24.212793 4.669734 0.25 10.00 3.00 25.00
24.980074 0.120607 0.25 20.00 1.00 25.00
24.493584 4.662016 0.25 20.00 2.00 25.00
24.434380 4.672837 0.25 20.00 3.00 25.00
24.978155 0.120949 0.25 30.00 1.00 25.00
24.523199 4.654690 0.25 30.00 2.00 25.00
24.494789 4.662116 0.25 30.00 3.00 25.00
24.980074 0.120607 0.50 10.00 1.00 25.00
24.493313 4.662115 0.50 10.00 2.00 25.00
24.434046 4.672897 0.50 10.00 3.00 25.00
24.978662 0.122012 0.50 20.00 1.00 25.00
24.533787 4.651733 0.50 20.00 2.00 25.00
24.517328 4.656312 0.50 20.00 3.00 25.00
24.982527 0.119328 0.50 30.00 1.00 25.00
24.541527 4.650605 0.50 30.00 2.00 25.00
24.534142 4.651990 0.50 30.00 3.00 25.00
24.978155 0.120949 0.75 10.00 1.00 25.00
24.522871 4.654912 0.75 10.00 2.00 25.00
24.494326 4.662157 0.75 10.00 3.00 25.00
24.982527 0.119328 0.75 20.00 1.00 25.00
24.541479 4.650572 0.75 20.00 2.00 25.00
24.534086 4.651998 0.75 20.00 3.00 25.00
24.981939 0.119697 0.75 30.00 1.00 25.00
24.542679 4.649617 0.75 30.00 2.00 25.00
24.541588 4.650600 0.75 30.00 3.00 25.00
22.184893 0.135779 0.25 10.00 1.00 35.00
23.891680 3.724267 0.25 10.00 2.00 35.00
23.747164 3.710455 0.25 10.00 3.00 35.00
22.183725 0.135372 0.25 20.00 1.00 35.00
24.027571 3.709070 0.25 20.00 2.00 35.00
23.971643 3.722328 0.25 20.00 3.00 35.00
22.182251 0.136066 0.25 30.00 1.00 35.00
24.055260 3.700282 0.25 30.00 2.00 35.00
24.029036 3.709305 0.25 30.00 3.00 35.00
22.183725 0.135372 0.50 10.00 1.00 35.00
24.027464 3.709320 0.50 10.00 2.00 35.00
23.971434 3.722326 0.50 10.00 3.00 35.00
22.182720 0.137142 0.50 20.00 1.00 35.00
24.064795 3.696155 0.50 20.00 2.00 35.00
24.050074 3.702374 0.50 20.00 3.00 35.00
22.186880 0.136489 0.50 30.00 1.00 35.00
24.073017 3.695772 0.50 30.00 2.00 35.00
24.065090 3.696043 0.50 30.00 3.00 35.00
22.182251 0.136066 0.75 10.00 1.00 35.00
24.055103 3.700575 0.75 10.00 2.00 35.00
24.028852 3.709444 0.75 10.00 3.00 35.00
22.186880 0.136489 0.75 20.00 1.00 35.00
24.072966 3.695784 0.75 20.00 2.00 35.00
24.065069 3.696082 0.75 20.00 3.00 35.00
22.185503 0.135372 0.75 30.00 1.00 35.00
24.074356 3.694643 0.75 30.00 2.00 35.00
24.073118 3.695754 0.75 30.00 3.00 35.00
