28.367395 6.193475 1.00 0.00 5.00 5.00
28.249056 6.331127 1.00 0.00 15.00 5.00
28.225283 6.357161 1.00 0.00 25.00 5.00
28.214890 6.368537 1.00 0.00 35.00 5.00
25.955269 7.843245 2.00 0.00 5.00 5.00
25.575151 8.102930 2.00 0.00 15.00 5.00
25.500381 8.152713 2.00 0.00 25.00 5.00
25.468479 8.173971 2.00 0.00 35.00 5.00
25.046698 8.089086 3.00 0.00 5.00 5.00
24.386738 8.404757 3.00 0.00 15.00 5.00
24.255011 8.466020 3.00 0.00 25.00 5.00
24.198679 8.492352 3.00 0.00 35.00 5.00
24.658119 8.124368 4.00 0.00 5.00 5.00
23.702784 8.479332 4.00 0.00 15.00 5.00
23.503853 8.552456 4.00 0.00 25.00 5.00
23.418634 8.584424 4.00 0.00 35.00 5.00
23.379665 1.093078 1.00 0.00 5.00 15.00
23.335485 1.124429 1.00 0.00 15.00 15.00
23.326582 1.130719 1.00 0.00 25.00 15.00
23.322634 1.133469 1.00 0.00 35.00 15.00
22.370407 1.809352 2.00 0.00 5.00 15.00
22.182686 1.973937 2.00 0.00 15.00 15.00
22.144913 2.007603 2.00 0.00 25.00 15.00
22.128654 2.022164 2.00 0.00 35.00 15.00
21.919260 2.123659 3.00 0.00 5.00 15.00
21.560650 2.425084 3.00 0.00 15.00 15.00
21.486361 2.488770 3.00 0.00 25.00 15.00
21.454397 2.516352 3.00 0.00 35.00 15.00
21.714252 2.252764 4.00 0.00 5.00 15.00
21.170910 2.687581 4.00 0.00 15.00 15.00
21.051939 2.785146 4.00 0.00 25.00 15.00
21.000320 2.827884 4.00 0.00 35.00 15.00
19.817801 0.804070 1.00 0.00 5.00 25.00
19.796707 0.804218 1.00 0.00 15.00 25.00
19.792452 0.804298 1.00 0.00 25.00 25.00
19.790586 0.804295 1.00 0.00 35.00 25.00
19.314108 0.870208 2.00 0.00 5.00 25.00
19.213516 0.909381 2.00 0.00 15.00 25.00
19.193020 0.918121 2.00 0.00 25.00 25.00
19.184202 0.921929 2.00 0.00 35.00 25.00
19.070883 0.945914 3.00 0.00 5.00 25.00
18.869083 1.042765 3.00 0.00 15.00 25.00
18.826431 1.065503 3.00 0.00 25.00 25.00
18.807964 1.075509 3.00 0.00 35.00 25.00
18.956697 0.983954 4.00 0.00 5.00 25.00
18.643070 1.142978 4.00 0.00 15.00 25.00
18.572355 1.183702 4.00 0.00 25.00 25.00
18.541389 1.201968 4.00 0.00 35.00 25.00
17.255754 0.927974 1.00 0.00 5.00 35.00
17.243641 0.922318 1.00 0.00 15.00 35.00
17.241203 0.921154 1.00 0.00 25.00 35.00
17.240149 0.920727 1.00 0.00 35.00 35.00
16.960596 0.827752 2.00 0.00 5.00 35.00
16.899725 0.824682 2.00 0.00 15.00 35.00
16.887234 0.824522 2.00 0.00 25.00 35.00
16.881870 0.824562 2.00 0.00 35.00 35.00
16.812281 0.812828 3.00 0.00 5.00 35.00
16.687004 0.824108 3.00 0.00 15.00 35.00
16.660246 0.828187 3.00 0.00 25.00 35.00
16.648643 0.830247 3.00 0.00 35.00 35.00
16.741316 0.809585 4.00 0.00 5.00 35.00
16.543644 0.838628 4.00 0.00 15.00 35.00
16.498398 0.849371 4.00 0.00 25.00 35.00
16.478539 0.854475 4.00 0.00 35.00 35.00
29.582598 10.756401 1.00 0.00 5.00 2.50
29.432199 10.861698 1.00 0.00 15.00 2.50
29.402071 10.879971 1.00 0.00 25.00 2.50
29.388870 10.887859 1.00 0.00 35.00 2.50
26.643593 11.154859 2.00 0.00 5.00 2.50
26.207253 11.257970 2.00 0.00 15.00 2.50
26.122036 11.278168 2.00 0.00 25.00 2.50
26.085804 11.286047 2.00 0.00 35.00 2.50
25.601639 10.904603 3.00 0.00 5.00 2.50
24.864956 10.959301 3.00 0.00 15.00 2.50
24.719288 10.971745 3.00 0.00 25.00 2.50
24.657259 10.977757 3.00 0.00 35.00 2.50
25.164196 10.736510 4.00 0.00 5.00 2.50
24.110407 10.727231 4.00 0.00 15.00 2.50
23.893789 10.731279 4.00 0.00 25.00 2.50
23.801167 10.734309 4.00 0.00 35.00 2.50
27.019348 3.561374 1.00 0.00 5.00 7.50
26.928255 3.673327 1.00 0.00 15.00 7.50
26.909929 3.695011 1.00 0.00 25.00 7.50
26.901796 3.704434 1.00 0.00 35.00 7.50
25.091290 5.296004 2.00 0.00 5.00 7.50
24.770317 5.589998 2.00 0.00 15.00 7.50
24.706814 5.647717 2.00 0.00 25.00 7.50
24.679638 5.671732 2.00 0.00 35.00 7.50
24.323084 5.734369 3.00 0.00 5.00 7.50
23.749714 6.153715 3.00 0.00 15.00 7.50
23.634079 6.236611 3.00 0.00 25.00 7.50
23.584610 6.272106 3.00 0.00 35.00 7.50
23.988432 5.869142 4.00 0.00 5.00 7.50
23.147537 6.395647 4.00 0.00 15.00 7.50
22.969999 6.504561 4.00 0.00 25.00 7.50
22.893696 6.551739 4.00 0.00 35.00 7.50
25.711737 2.178050 1.00 0.00 5.00 10.00
25.641064 2.255935 1.00 0.00 15.00 10.00
25.626867 2.271271 1.00 0.00 25.00 10.00
25.620571 2.277972 1.00 0.00 35.00 10.00
24.171656 3.588646 2.00 0.00 5.00 10.00
23.903572 3.853110 2.00 0.00 15.00 10.00
23.850122 3.905814 2.00 0.00 25.00 10.00
23.827312 3.928346 2.00 0.00 35.00 10.00
23.529142 4.042336 3.00 0.00 5.00 10.00
23.037621 4.459709 3.00 0.00 15.00 10.00
22.937449 4.543947 3.00 0.00 25.00 10.00
22.894470 4.580471 3.00 0.00 35.00 10.00
23.244583 4.204220 4.00 0.00 5.00 10.00
22.514805 4.760283 4.00 0.00 15.00 10.00
22.358706 4.878613 4.00 0.00 25.00 10.00
22.291346 4.929698 4.00 0.00 35.00 10.00
21.441217 0.829206 1.00 0.00 5.00 20.00
21.411537 0.838761 1.00 0.00 15.00 20.00
21.405563 0.840805 1.00 0.00 25.00 20.00
21.402935 0.841730 1.00 0.00 35.00 20.00
20.744089 1.118596 2.00 0.00 5.00 20.00
20.608845 1.205251 2.00 0.00 15.00 20.00
20.581392 1.223599 2.00 0.00 25.00 20.00
20.569616 1.231530 2.00 0.00 35.00 20.00
20.418041 1.289602 3.00 0.00 5.00 20.00
20.152149 1.470647 3.00 0.00 15.00 20.00
20.096418 1.510653 3.00 0.00 25.00 20.00
20.072382 1.528312 3.00 0.00 35.00 20.00
20.267183 1.366706 4.00 0.00 5.00 20.00
19.858406 1.644520 4.00 0.00 15.00 20.00
19.767370 1.710634 4.00 0.00 25.00 20.00
19.727705 1.739959 4.00 0.00 35.00 20.00
24.991905 10.645730 5.00 0.00 5.00 2.50
23.641724 10.553344 5.00 0.00 15.00 2.50
23.344257 10.547471 5.00 0.00 25.00 2.50
23.215693 10.546754 5.00 0.00 35.00 2.50
24.503540 8.110207 5.00 0.00 5.00 5.00
23.272484 8.481490 5.00 0.00 15.00 5.00
22.997108 8.566134 5.00 0.00 25.00 5.00
22.877684 8.603209 5.00 0.00 35.00 5.00
23.854429 5.902289 5.00 0.00 5.00 7.50
22.763821 6.508777 5.00 0.00 15.00 7.50
22.515591 6.644526 5.00 0.00 25.00 7.50
22.407537 6.704119 5.00 0.00 35.00 7.50
23.129383 4.254914 5.00 0.00 5.00 10.00
22.177073 4.922704 5.00 0.00 15.00 10.00
21.956717 5.076314 5.00 0.00 25.00 10.00
21.860283 5.143332 5.00 0.00 35.00 10.00
21.630972 2.297389 5.00 0.00 5.00 15.00
20.914024 2.844059 5.00 0.00 15.00 15.00
20.743198 2.978194 5.00 0.00 25.00 15.00
20.667971 3.037925 5.00 0.00 35.00 15.00
20.206999 1.394100 5.00 0.00 5.00 20.00
19.663130 1.755324 5.00 0.00 15.00 20.00
19.530727 1.850595 5.00 0.00 25.00 20.00
19.472092 1.893628 5.00 0.00 35.00 20.00
18.909542 0.997634 5.00 0.00 5.00 25.00
18.489710 1.210736 5.00 0.00 15.00 25.00
18.385780 1.271754 5.00 0.00 25.00 25.00
18.339533 1.299923 5.00 0.00 35.00 25.00
16.710922 0.807467 5.00 0.00 5.00 35.00
16.444016 0.850999 5.00 0.00 15.00 35.00
16.376575 0.869377 5.00 0.00 25.00 35.00
16.346428 0.878425 5.00 0.00 35.00 35.00
