30.957771 14.339392 1.00 5.00
27.201792 14.430407 2.00 5.00
25.488558 13.440203 3.00 5.00
24.399754 12.658741 4.00 5.00
29.226774 6.788729 1.00 15.00
26.748230 11.330776 2.00 15.00
25.280312 11.878537 3.00 15.00
24.271616 11.662720 4.00 15.00
27.340218 3.217048 1.00 25.00
26.050539 8.223830 2.00 25.00
24.908585 9.843528 3.00 25.00
24.020515 10.197521 4.00 25.00
25.636280 1.676475 1.00 35.00
25.273008 5.917681 2.00 35.00
24.457090 8.034869 3.00 35.00
23.702431 8.783415 4.00 35.00
31.284468 16.916691 1.00 2.50
27.260687 14.955940 2.00 2.50
25.510658 13.669178 3.00 2.50
24.411201 12.797189 4.00 2.50
30.663670 12.491858 1.00 7.50
27.138344 13.901041 2.00 7.50
25.462217 13.212976 3.00 7.50
24.385653 12.526898 4.00 7.50
30.153225 9.986880 1.00 10.00
27.013165 12.980072 2.00 10.00
25.406815 12.756775 3.00 10.00
24.351599 12.243897 4.00 10.00
28.273870 4.636712 1.00 20.00
26.422380 9.718526 2.00 20.00
25.114399 10.893247 3.00 20.00
24.161982 10.989679 4.00 20.00
