24.822100 1.673248 1.00 0.00 5.00 0.05
24.772192 1.745362 1.00 0.00 15.00 0.05
24.761747 1.758482 1.00 0.00 25.00 0.05
24.757542 1.761739 1.00 0.00 35.00 0.05
24.909449 5.302127 2.00 0.00 5.00 0.05
24.649860 5.694327 2.00 0.00 15.00 0.05
24.592783 5.758489 2.00 0.00 25.00 0.05
24.567768 5.784218 2.00 0.00 35.00 0.05
24.552326 6.917300 3.00 0.00 5.00 0.05
24.041346 7.582907 3.00 0.00 15.00 0.05
23.927664 7.678824 3.00 0.00 25.00 0.05
23.878124 7.715929 3.00 0.00 35.00 0.05
24.324280 7.498683 4.00 0.00 5.00 0.05
23.546238 8.386202 4.00 0.00 15.00 0.05
23.366741 8.507554 4.00 0.00 25.00 0.05
23.288025 8.551842 4.00 0.00 35.00 0.05
20.684931 0.659091 1.00 0.00 5.00 0.15
20.671412 0.675719 1.00 0.00 15.00 0.15
20.667646 0.678604 1.00 0.00 25.00 0.15
20.666050 0.678199 1.00 0.00 35.00 0.15
21.922102 1.989018 2.00 0.00 5.00 0.15
21.823322 2.177094 2.00 0.00 15.00 0.15
21.796003 2.209316 2.00 0.00 25.00 0.15
21.783369 2.222677 2.00 0.00 35.00 0.15
22.070864 2.891227 3.00 0.00 5.00 0.15
21.843596 3.349141 3.00 0.00 15.00 0.15
21.780577 3.425842 3.00 0.00 25.00 0.15
21.751760 3.456711 3.00 0.00 35.00 0.15
22.046791 3.305866 4.00 0.00 5.00 0.15
21.669241 4.046437 4.00 0.00 15.00 0.15
21.561802 4.173535 4.00 0.00 25.00 0.15
21.512646 4.223908 4.00 0.00 35.00 0.15
18.245953 0.678007 1.00 0.00 5.00 0.25
18.242970 0.683385 1.00 0.00 15.00 0.25
18.241331 0.684322 1.00 0.00 25.00 0.25
18.240345 0.684343 1.00 0.00 35.00 0.25
19.660192 1.436495 2.00 0.00 5.00 0.25
19.623890 1.515118 2.00 0.00 15.00 0.25
19.609407 1.526989 2.00 0.00 25.00 0.25
19.602343 1.531959 2.00 0.00 35.00 0.25
19.952875 1.924973 3.00 0.00 5.00 0.25
19.857620 2.146071 3.00 0.00 15.00 0.25
19.821913 2.182108 3.00 0.00 25.00 0.25
19.804865 2.196253 3.00 0.00 35.00 0.25
20.004446 2.154563 4.00 0.00 5.00 0.25
19.831226 2.542209 4.00 0.00 15.00 0.25
19.767515 2.609933 4.00 0.00 25.00 0.25
19.737034 2.636880 4.00 0.00 35.00 0.25
16.442625 0.830748 1.00 0.00 5.00 0.35
16.443447 0.832861 1.00 0.00 15.00 0.35
16.442575 0.833245 1.00 0.00 25.00 0.35
16.441856 0.833613 1.00 0.00 35.00 0.35
17.827486 1.486972 2.00 0.00 5.00 0.35
17.820641 1.525133 2.00 0.00 15.00 0.35
17.812733 1.529077 2.00 0.00 25.00 0.35
17.808657 1.530499 2.00 0.00 35.00 0.35
18.156229 1.834077 3.00 0.00 5.00 0.35
18.126368 1.944568 3.00 0.00 15.00 0.35
18.105864 1.958501 3.00 0.00 25.00 0.35
18.095488 1.963431 3.00 0.00 35.00 0.35
18.235313 1.984298 4.00 0.00 5.00 0.35
18.168550 2.182737 4.00 0.00 15.00 0.35
18.130690 2.211771 4.00 0.00 25.00 0.35
18.111717 2.222486 4.00 0.00 35.00 0.35
26.732782 3.313990 1.00 0.00 5.00 0.03
26.653532 3.433152 1.00 0.00 15.00 0.03
26.637476 3.455184 1.00 0.00 25.00 0.03
26.630764 3.462356 1.00 0.00 35.00 0.03
25.862400 7.830217 2.00 0.00 5.00 0.03
25.521896 8.204180 2.00 0.00 15.00 0.03
25.451195 8.261945 2.00 0.00 25.00 0.03
25.420628 8.285000 2.00 0.00 35.00 0.03
25.212343 9.194215 3.00 0.00 5.00 0.03
24.583872 9.684795 3.00 0.00 15.00 0.03
24.451967 9.748379 3.00 0.00 25.00 0.03
24.395056 9.771192 3.00 0.00 35.00 0.03
24.884789 9.584974 4.00 0.00 5.00 0.03
23.954758 10.138880 4.00 0.00 15.00 0.03
23.752491 10.201440 4.00 0.00 25.00 0.03
23.664845 10.222264 4.00 0.00 35.00 0.03
23.471621 1.085148 1.00 0.00 5.00 0.07
23.437309 1.132357 1.00 0.00 15.00 0.07
23.429750 1.140805 1.00 0.00 25.00 0.07
23.426748 1.142105 1.00 0.00 35.00 0.07
24.064142 3.829080 2.00 0.00 5.00 0.07
23.862206 4.173237 2.00 0.00 15.00 0.07
23.815405 4.230711 2.00 0.00 25.00 0.07
23.794680 4.254456 2.00 0.00 35.00 0.07
23.901239 5.306198 3.00 0.00 5.00 0.07
23.484873 5.979221 3.00 0.00 15.00 0.07
23.387144 6.083412 3.00 0.00 25.00 0.07
23.344019 6.124290 3.00 0.00 35.00 0.07
23.746687 5.897950 4.00 0.00 5.00 0.07
23.096966 6.865760 4.00 0.00 15.00 0.07
22.938923 7.012424 4.00 0.00 25.00 0.07
22.868803 7.068165 4.00 0.00 35.00 0.07
22.404613 0.835327 1.00 0.00 5.00 0.10
22.379726 0.868082 1.00 0.00 15.00 0.10
22.373907 0.873708 1.00 0.00 25.00 0.10
22.371538 0.874054 1.00 0.00 35.00 0.10
23.307734 2.952400 2.00 0.00 5.00 0.10
23.148209 3.239154 2.00 0.00 15.00 0.10
23.109234 3.287788 2.00 0.00 25.00 0.10
23.091652 3.307435 2.00 0.00 35.00 0.10
23.281275 4.233968 3.00 0.00 5.00 0.10
22.939550 4.851614 3.00 0.00 15.00 0.10
22.854988 4.950632 3.00 0.00 25.00 0.10
22.817289 4.989749 3.00 0.00 35.00 0.10
23.181353 4.780453 4.00 0.00 5.00 0.10
22.637035 5.715661 4.00 0.00 15.00 0.10
22.497652 5.865223 4.00 0.00 25.00 0.10
22.435209 5.923645 4.00 0.00 35.00 0.10
19.335115 0.646412 1.00 0.00 5.00 0.20
19.327513 0.655387 1.00 0.00 15.00 0.20
19.324938 0.656989 1.00 0.00 25.00 0.20
19.323669 0.656779 1.00 0.00 35.00 0.20
20.699673 1.583958 2.00 0.00 5.00 0.20
20.637877 1.702415 2.00 0.00 15.00 0.20
20.618027 1.721666 2.00 0.00 25.00 0.20
20.608696 1.729806 2.00 0.00 35.00 0.20
20.940098 2.216900 3.00 0.00 5.00 0.20
20.791372 2.530597 3.00 0.00 15.00 0.20
20.744331 2.583505 3.00 0.00 25.00 0.20
20.722370 2.604622 3.00 0.00 35.00 0.20
20.962339 2.515214 4.00 0.00 5.00 0.20
20.705208 3.046772 4.00 0.00 15.00 0.20
20.622915 3.140932 4.00 0.00 25.00 0.20
20.584463 3.178704 4.00 0.00 35.00 0.20
24.742964 9.691944 5.00 0.00 5.00 0.03
23.533911 10.276959 5.00 0.00 15.00 0.03
23.252050 10.334519 5.00 0.00 25.00 0.03
23.128956 10.352860 5.00 0.00 35.00 0.03
24.217529 7.673154 5.00 0.00 5.00 0.05
23.189898 8.733829 5.00 0.00 15.00 0.05
22.935955 8.878602 5.00 0.00 25.00 0.05
22.823692 8.931108 5.00 0.00 35.00 0.05
23.672157 6.127978 5.00 0.00 5.00 0.07
22.800117 7.336689 5.00 0.00 15.00 0.07
22.572712 7.522996 5.00 0.00 25.00 0.07
22.470970 7.593434 5.00 0.00 35.00 0.07
23.132584 4.979953 5.00 0.00 5.00 0.10
22.390532 6.169650 5.00 0.00 15.00 0.10
22.187134 6.367449 5.00 0.00 25.00 0.10
22.095142 6.443765 5.00 0.00 35.00 0.10
22.014597 3.461500 5.00 0.00 5.00 0.15
21.486731 4.439754 5.00 0.00 15.00 0.15
21.326885 4.619405 5.00 0.00 25.00 0.15
21.253101 4.690677 5.00 0.00 35.00 0.15
20.970196 2.640534 5.00 0.00 5.00 0.20
20.602367 3.376343 5.00 0.00 15.00 0.20
20.477722 3.518220 5.00 0.00 25.00 0.20
20.419012 3.575583 5.00 0.00 35.00 0.20
19.998482 2.249550 5.00 0.00 5.00 0.25
19.740536 2.778694 5.00 0.00 15.00 0.25
19.642336 2.880734 5.00 0.00 25.00 0.25
19.595161 2.922173 5.00 0.00 35.00 0.25
18.264482 2.045468 5.00 0.00 5.00 0.35
18.156387 2.333309 5.00 0.00 15.00 0.35
18.096863 2.381932 5.00 0.00 25.00 0.35
18.066898 2.400762 5.00 0.00 35.00 0.35
