33.618462 1.001448 0.25 10.00 1.00 5.00
24.458990 4.876904 0.25 10.00 2.00 5.00
24.318781 4.920360 0.25 10.00 3.00 5.00
33.544670 0.999924 0.25 20.00 1.00 5.00
24.595697 4.837733 0.25 20.00 2.00 5.00
24.535435 4.856890 0.25 20.00 3.00 5.00
33.546154 0.999055 0.25 30.00 1.00 5.00
24.625788 4.827883 0.25 30.00 2.00 5.00
24.596581 4.838095 0.25 30.00 3.00 5.00
33.544670 0.999924 0.50 10.00 1.00 5.00
24.594744 4.837732 0.50 10.00 2.00 5.00
24.533684 4.856943 0.50 10.00 3.00 5.00
33.562878 0.997749 0.50 20.00 1.00 5.00
24.636021 4.823617 0.50 20.00 2.00 5.00
24.619400 4.830478 0.50 20.00 3.00 5.00
33.641609 1.001529 0.50 30.00 1.00 5.00
24.642300 4.819493 0.50 30.00 2.00 5.00
24.636198 4.823423 0.50 30.00 3.00 5.00
33.546154 0.999055 0.75 10.00 1.00 5.00
24.624512 4.828083 0.75 10.00 2.00 5.00
24.594152 4.838084 0.75 10.00 3.00 5.00
33.641609 1.001529 0.75 20.00 1.00 5.00
24.642178 4.819517 0.75 20.00 2.00 5.00
24.635836 4.823523 0.75 20.00 3.00 5.00
33.508331 1.002007 0.75 30.00 1.00 5.00
24.643347 4.818711 0.75 30.00 2.00 5.00
24.642206 4.819390 0.75 30.00 3.00 5.00
24.574997 1.084078 0.25 10.00 1.00 15.00
21.783823 1.235466 0.25 10.00 2.00 15.00
21.707525 1.281855 0.25 10.00 3.00 15.00
24.544868 1.083998 0.25 20.00 1.00 15.00
21.859901 1.190679 0.25 20.00 2.00 15.00
21.826300 1.211196 0.25 20.00 3.00 15.00
24.543987 1.083701 0.25 30.00 1.00 15.00
21.876293 1.180618 0.25 30.00 2.00 15.00
21.860405 1.190696 0.25 30.00 3.00 15.00
24.544868 1.083998 0.50 10.00 1.00 15.00
21.859512 1.190848 0.50 10.00 2.00 15.00
21.825603 1.211469 0.50 10.00 3.00 15.00
24.550714 1.082960 0.50 20.00 1.00 15.00
21.882017 1.177026 0.50 20.00 2.00 15.00
21.872299 1.183391 0.50 20.00 3.00 15.00
24.587330 1.082502 0.50 30.00 1.00 15.00
21.885443 1.174426 0.50 30.00 2.00 15.00
21.882019 1.177014 0.50 30.00 3.00 15.00
24.543987 1.083701 0.75 10.00 1.00 15.00
21.875792 1.180921 0.75 10.00 2.00 15.00
21.859497 1.191000 0.75 10.00 3.00 15.00
24.587330 1.082502 0.75 20.00 1.00 15.00
21.885443 1.174407 0.75 20.00 2.00 15.00
21.881817 1.177127 0.75 20.00 3.00 15.00
24.532455 1.084828 0.75 30.00 1.00 15.00
21.885386 1.174404 0.75 30.00 2.00 15.00
21.885340 1.174466 0.75 30.00 3.00 15.00
20.294703 1.164855 0.25 10.00 1.00 25.00
19.059217 0.320163 0.25 10.00 2.00 25.00
19.020601 0.338686 0.25 10.00 3.00 25.00
20.275993 1.164711 0.25 20.00 1.00 25.00
19.101839 0.301469 0.25 20.00 2.00 25.00
19.082190 0.310336 0.25 20.00 3.00 25.00
20.275503 1.164473 0.25 30.00 1.00 25.00
19.110699 0.297434 0.25 30.00 2.00 25.00
19.102079 0.301553 0.25 30.00 3.00 25.00
20.275993 1.164711 0.50 10.00 1.00 25.00
19.101671 0.301540 0.50 10.00 2.00 25.00
19.081875 0.310422 0.50 10.00 3.00 25.00
20.278864 1.164027 0.50 20.00 1.00 25.00
19.113728 0.296028 0.50 20.00 2.00 25.00
19.106915 0.299002 0.50 20.00 3.00 25.00
20.304045 1.162681 0.50 30.00 1.00 25.00
19.115484 0.295081 0.50 30.00 2.00 25.00
19.113459 0.296107 0.50 30.00 3.00 25.00
20.275503 1.164473 0.75 10.00 1.00 25.00
19.110445 0.297558 0.75 10.00 2.00 25.00
19.101713 0.301631 0.75 10.00 3.00 25.00
20.304045 1.162681 0.75 20.00 1.00 25.00
19.115528 0.295060 0.75 20.00 2.00 25.00
19.113335 0.296171 0.75 20.00 3.00 25.00
20.269384 1.165200 0.75 30.00 1.00 25.00
19.113794 0.295539 0.75 30.00 2.00 25.00
19.115273 0.295162 0.75 30.00 3.00 25.00
17.502520 1.252717 0.25 10.00 1.00 35.00
16.834400 0.198871 0.25 10.00 2.00 35.00
16.815948 0.207098 0.25 10.00 3.00 35.00
17.488861 1.252702 0.25 20.00 1.00 35.00
16.861408 0.192636 0.25 20.00 2.00 35.00
16.847641 0.195287 0.25 20.00 3.00 35.00
17.488737 1.252469 0.25 30.00 1.00 35.00
16.866631 0.191109 0.25 30.00 2.00 35.00
16.861443 0.192707 0.25 30.00 3.00 35.00
17.488861 1.252702 0.50 10.00 1.00 35.00
16.861317 0.192650 0.50 10.00 2.00 35.00
16.847460 0.195313 0.50 10.00 3.00 35.00
17.490616 1.251943 0.50 20.00 1.00 35.00
16.868284 0.190549 0.50 20.00 2.00 35.00
16.861876 0.190825 0.50 20.00 3.00 35.00
17.509144 1.250186 0.50 30.00 1.00 35.00
16.869127 0.190148 0.50 30.00 2.00 35.00
16.867708 0.190511 0.50 30.00 3.00 35.00
17.488737 1.252469 0.75 10.00 1.00 35.00
16.866432 0.191130 0.75 10.00 2.00 35.00
16.861294 0.192738 0.75 10.00 3.00 35.00
17.509144 1.250186 0.75 20.00 1.00 35.00
16.869213 0.190157 0.75 20.00 2.00 35.00
16.867594 0.190508 0.75 20.00 3.00 35.00
17.484688 1.253048 0.75 30.00 1.00 35.00
16.865637 0.189443 0.75 30.00 2.00 35.00
16.868763 0.190128 0.75 30.00 3.00 35.00
39.013775 0.972499 0.25 10.00 1.00 2.50
24.829191 6.003212 0.25 10.00 2.00 2.50
24.675137 6.027033 0.25 10.00 3.00 2.50
38.902512 0.970394 0.25 20.00 1.00 2.50
24.978846 5.986443 0.25 20.00 2.00 2.50
24.912813 5.995820 0.25 20.00 3.00 2.50
38.908203 0.969915 0.25 30.00 1.00 2.50
25.011890 5.981606 0.25 30.00 2.00 2.50
24.979860 5.987342 0.25 30.00 3.00 2.50
38.902512 0.970394 0.50 10.00 1.00 2.50
24.977629 5.986265 0.50 10.00 2.00 2.50
24.910559 5.995668 0.50 10.00 3.00 2.50
38.931652 0.967311 0.50 20.00 1.00 2.50
25.022978 5.978232 0.50 20.00 2.00 2.50
25.004799 5.983065 0.50 20.00 3.00 2.50
39.048283 0.973805 0.50 30.00 1.00 2.50
25.029795 5.974413 0.50 30.00 2.00 2.50
25.023170 5.978118 0.50 30.00 3.00 2.50
38.908203 0.969915 0.75 10.00 1.00 2.50
25.010277 5.981467 0.75 10.00 2.00 2.50
24.976772 5.987038 0.75 10.00 3.00 2.50
39.048283 0.973805 0.75 20.00 1.00 2.50
25.029657 5.974509 0.75 20.00 2.00 2.50
25.022730 5.978267 0.75 20.00 3.00 2.50
38.845951 0.973410 0.75 30.00 1.00 2.50
25.030977 5.973631 0.75 30.00 2.00 2.50
25.029692 5.974359 0.75 30.00 3.00 2.50
30.323669 1.033907 0.25 10.00 1.00 7.50
23.899376 3.620098 0.25 10.00 2.00 7.50
23.776108 3.677201 0.25 10.00 3.00 7.50
30.268723 1.032872 0.25 20.00 1.00 7.50
24.019821 3.566061 0.25 20.00 2.00 7.50
23.966738 3.591024 0.25 20.00 3.00 7.50
30.268936 1.031869 0.25 30.00 1.00 7.50
24.046211 3.553215 0.25 30.00 2.00 7.50
24.020638 3.566127 0.25 30.00 3.00 7.50
30.268723 1.032872 0.50 10.00 1.00 7.50
24.019054 3.566249 0.50 10.00 2.00 7.50
23.965324 3.591356 0.50 10.00 3.00 7.50
30.282410 1.031026 0.50 20.00 1.00 7.50
24.055286 3.548119 0.50 20.00 2.00 7.50
24.040586 3.556332 0.50 20.00 3.00 7.50
30.341848 1.033141 0.50 30.00 1.00 7.50
24.060833 3.543949 0.50 30.00 2.00 7.50
24.055437 3.547956 0.50 30.00 3.00 7.50
30.268936 1.031869 0.75 10.00 1.00 7.50
24.045189 3.553570 0.75 10.00 2.00 7.50
24.018705 3.566382 0.75 10.00 3.00 7.50
30.341848 1.033141 0.75 20.00 1.00 7.50
24.060747 3.543992 0.75 20.00 2.00 7.50
24.055122 3.548094 0.75 20.00 3.00 7.50
30.243471 1.034272 0.75 30.00 1.00 7.50
24.061689 3.543319 0.75 30.00 2.00 7.50
24.060757 3.543873 0.75 30.00 3.00 7.50
27.959711 1.048607 0.25 10.00 1.00 10.00
23.232468 2.569101 0.25 10.00 2.00 10.00
23.126476 2.628478 0.25 10.00 3.00 10.00
27.916035 1.048156 0.25 20.00 1.00 10.00
23.336548 2.512427 0.25 20.00 2.00 10.00
23.290752 2.538542 0.25 20.00 3.00 10.00
27.915749 1.047504 0.25 30.00 1.00 10.00
23.359255 2.499278 0.25 30.00 2.00 10.00
23.337257 2.512444 0.25 30.00 3.00 10.00
27.916035 1.048156 0.50 10.00 1.00 10.00
23.335945 2.512626 0.50 10.00 2.00 10.00
23.289623 2.538861 0.50 10.00 3.00 10.00
27.926325 1.046572 0.50 20.00 1.00 10.00
23.367083 2.494294 0.50 20.00 2.00 10.00
23.354317 2.502671 0.50 20.00 3.00 10.00
27.974987 1.047466 0.50 30.00 1.00 10.00
23.371868 2.490560 0.50 30.00 2.00 10.00
23.367193 2.494237 0.50 30.00 3.00 10.00
27.915749 1.047504 0.75 10.00 1.00 10.00
23.358459 2.499710 0.75 10.00 2.00 10.00
23.335749 2.512888 0.75 10.00 3.00 10.00
27.974987 1.047466 0.75 20.00 1.00 10.00
23.371824 2.490607 0.75 20.00 2.00 10.00
23.366932 2.494350 0.75 20.00 3.00 10.00
27.897062 1.049430 0.75 30.00 1.00 10.00
23.372469 2.490071 0.75 30.00 2.00 10.00
23.371780 2.490557 0.75 30.00 3.00 10.00
22.164780 1.126068 0.25 10.00 1.00 20.00
20.364700 0.600939 0.25 10.00 2.00 20.00
20.310339 0.630834 0.25 10.00 3.00 20.00
22.141651 1.126250 0.25 20.00 1.00 20.00
20.420881 0.571250 0.25 20.00 2.00 20.00
20.395693 0.585036 0.25 20.00 3.00 20.00
22.141087 1.125838 0.25 30.00 1.00 20.00
20.432838 0.564754 0.25 30.00 2.00 20.00
20.421257 0.571313 0.25 30.00 3.00 20.00
22.141651 1.126250 0.50 10.00 1.00 20.00
20.420624 0.571352 0.50 10.00 2.00 20.00
20.395227 0.585194 0.50 10.00 3.00 20.00
22.145639 1.125286 0.50 20.00 1.00 20.00
20.436991 0.562467 0.50 20.00 2.00 20.00
20.429150 0.566986 0.50 20.00 3.00 20.00
22.175339 1.124520 0.50 30.00 1.00 20.00
20.439457 0.560874 0.50 30.00 2.00 20.00
20.436871 0.562543 0.50 30.00 3.00 20.00
22.141087 1.125838 0.75 10.00 1.00 20.00
20.432501 0.564961 0.75 10.00 2.00 20.00
20.420675 0.571453 0.75 10.00 3.00 20.00
22.175339 1.124520 0.75 20.00 1.00 20.00
20.439476 0.560857 0.75 20.00 2.00 20.00
20.436708 0.562621 0.75 20.00 3.00 20.00
22.132923 1.126639 0.75 30.00 1.00 20.00
20.438585 0.561289 0.75 30.00 2.00 20.00
20.439287 0.560965 0.75 30.00 3.00 20.00
