30.775820 16.081411 1.00 5.00
27.106140 14.588734 2.00 5.00
25.414326 13.387942 3.00 5.00
24.335598 12.548351 4.00 5.00
27.663294 7.623120 1.00 15.00
26.203325 12.771085 2.00 15.00
24.749872 12.156181 3.00 15.00
23.775774 11.605556 4.00 15.00
22.942661 4.367976 1.00 25.00
24.450794 9.268869 2.00 25.00
23.604380 10.772330 3.00 25.00
22.764061 10.450379 4.00 25.00
18.972536 4.786930 1.00 35.00
20.711407 4.381084 2.00 35.00
21.353188 6.653850 3.00 35.00
21.171623 8.615374 4.00 35.00
31.198261 17.265322 1.00 2.50
27.230108 14.930342 2.00 2.50
25.492903 13.614788 3.00 2.50
24.397503 12.728642 4.00 2.50
30.389343 14.905051 1.00 7.50
26.978043 14.200439 2.00 7.50
25.326832 13.191444 3.00 7.50
24.262989 12.411447 4.00 7.50
29.561308 12.088345 1.00 10.00
26.738655 13.715039 2.00 10.00
25.150122 12.829834 3.00 10.00
24.113564 12.128465 4.00 10.00
25.276390 5.006270 1.00 20.00
25.499601 11.576560 2.00 20.00
24.238218 11.493905 3.00 20.00
23.327709 11.039289 4.00 20.00
23.603971 12.298504 5.00 2.50
23.550671 12.159682 5.00 5.00
23.483196 11.985783 5.00 7.50
23.345535 11.690166 5.00 10.00
23.050852 11.268424 5.00 15.00
22.643930 10.692541 5.00 20.00
22.129128 10.182792 5.00 25.00
20.737255 9.009582 5.00 35.00
