30.141579 6.189802 1.00 0.50 5.00
29.875399 5.279612 1.00 0.70 5.00
29.376055 4.868933 1.00 1.00 5.00
29.091969 4.675940 1.00 1.30 5.00
28.980816 4.595799 1.00 1.50 5.00
28.886621 4.553769 1.00 1.70 5.00
28.809177 4.483950 1.00 2.00 5.00
28.642536 6.987819 2.00 0.50 5.00
28.513662 5.380013 2.00 0.70 5.00
27.643316 5.388552 2.00 1.00 5.00
26.997561 5.518202 2.00 1.30 5.00
26.746531 5.500185 2.00 1.50 5.00
26.584246 5.452159 2.00 1.70 5.00
26.430008 5.399689 2.00 2.00 5.00
27.722973 7.134710 3.00 0.50 5.00
27.856663 5.251876 3.00 0.70 5.00
27.058788 5.452448 3.00 1.00 5.00
26.287388 5.901570 3.00 1.30 5.00
25.968601 5.952024 3.00 1.50 5.00
25.765791 5.914762 3.00 1.70 5.00
25.581701 5.871211 3.00 2.00 5.00
27.049440 7.199753 4.00 0.50 5.00
27.377239 5.178053 4.00 0.70 5.00
26.762415 5.346596 4.00 1.00 5.00
26.014023 5.948216 4.00 1.30 5.00
25.685057 6.046847 4.00 1.50 5.00
25.473827 6.037769 4.00 1.70 5.00
25.292557 5.993500 4.00 2.00 5.00
24.297165 5.168560 1.00 0.50 15.00
23.278231 5.882209 1.00 0.70 15.00
22.318926 6.080577 1.00 1.00 15.00
21.878784 5.921175 1.00 1.30 15.00
21.722874 5.816668 1.00 1.50 15.00
21.614374 5.747460 1.00 1.70 15.00
21.527126 5.646187 1.00 2.00 15.00
23.691284 4.935071 2.00 0.50 15.00
22.601246 5.836493 2.00 0.70 15.00
21.426836 6.374575 2.00 1.00 15.00
20.844894 6.297971 2.00 1.30 15.00
20.646296 6.200186 2.00 1.50 15.00
20.526970 6.114845 2.00 1.70 15.00
20.429173 6.026695 2.00 2.00 15.00
23.276836 4.720232 3.00 0.50 15.00
22.322289 5.582643 3.00 0.70 15.00
21.236494 6.217013 3.00 1.00 15.00
20.682732 6.209526 3.00 1.30 15.00
20.496614 6.133790 3.00 1.50 15.00
20.389297 6.071588 3.00 1.70 15.00
20.308073 6.012149 3.00 2.00 15.00
22.973103 4.564293 4.00 0.50 15.00
22.149590 5.360103 4.00 0.70 15.00
21.159582 6.070964 4.00 1.00 15.00
20.637259 6.135127 4.00 1.30 15.00
20.460155 6.085371 4.00 1.50 15.00
20.359131 6.039401 4.00 1.70 15.00
20.286253 5.993711 4.00 2.00 15.00
20.778625 5.762048 1.00 0.50 25.00
19.884085 6.308892 1.00 0.70 25.00
19.096285 6.358274 1.00 1.00 25.00
18.744717 6.182391 1.00 1.30 25.00
18.623863 6.082487 1.00 1.50 25.00
18.545742 6.012749 1.00 1.70 25.00
18.482697 5.928343 1.00 2.00 25.00
20.420601 5.485496 2.00 0.50 25.00
19.502687 6.156228 2.00 0.70 25.00
18.677591 6.328701 2.00 1.00 25.00
18.308615 6.206303 2.00 1.30 25.00
18.188951 6.133545 2.00 1.50 25.00
18.122133 6.075500 2.00 1.70 25.00
18.071257 6.026672 2.00 2.00 25.00
20.203773 5.219907 3.00 0.50 25.00
19.370569 5.926897 3.00 0.70 25.00
18.607782 6.193497 3.00 1.00 25.00
18.262499 6.128784 3.00 1.30 25.00
18.151649 6.081854 3.00 1.50 25.00
18.092087 6.041440 3.00 1.70 25.00
18.049934 6.012491 3.00 2.00 25.00
20.042913 5.013193 4.00 0.50 25.00
19.287926 5.739971 4.00 0.70 25.00
18.577534 6.091589 4.00 1.00 25.00
18.248116 6.084290 4.00 1.30 25.00
18.141062 6.058322 4.00 1.50 25.00
18.083839 6.028663 4.00 1.70 25.00
18.044601 6.009090 4.00 2.00 25.00
18.429415 5.942283 1.00 0.50 35.00
17.746288 6.288528 1.00 0.70 35.00
17.164017 6.280389 1.00 1.00 35.00
16.908249 6.146750 1.00 1.30 35.00
16.823507 6.071603 1.00 1.50 35.00
16.771832 6.018961 1.00 1.70 35.00
16.730396 5.963299 1.00 2.00 35.00
18.206131 5.689392 2.00 0.50 35.00
17.533243 6.106040 2.00 0.70 35.00
16.972679 6.174062 2.00 1.00 35.00
16.734535 6.091444 2.00 1.30 35.00
16.660742 6.045065 2.00 1.50 35.00
16.621731 6.013686 2.00 1.70 35.00
16.593678 5.992206 2.00 2.00 35.00
18.074909 5.453764 3.00 0.50 35.00
17.458946 5.923850 3.00 0.70 35.00
16.940706 6.076745 3.00 1.00 35.00
16.717289 6.046820 3.00 1.30 35.00
16.648252 6.020109 3.00 1.50 35.00
16.612629 6.002380 3.00 1.70 35.00
16.588703 5.994300 3.00 2.00 35.00
17.973669 5.267890 4.00 0.50 35.00
17.408449 5.776210 4.00 0.70 35.00
16.924454 6.003697 4.00 1.00 35.00
16.711487 6.020671 4.00 1.30 35.00
16.644665 6.008025 4.00 1.50 35.00
16.610115 5.999307 4.00 1.70 35.00
16.587452 5.997878 4.00 2.00 35.00
32.552711 10.981967 1.00 0.50 2.50
33.404102 8.911817 1.00 0.70 2.50
34.008308 6.820968 1.00 1.00 2.50
34.260105 5.735829 1.00 1.30 2.50
34.340225 5.313781 1.00 1.50 2.50
34.366692 5.023849 1.00 1.70 2.50
34.382729 4.737583 1.00 2.00 2.50
30.196383 11.247220 2.00 0.50 2.50
31.357855 8.570545 2.00 0.70 2.50
31.986275 5.727707 2.00 1.00 2.50
32.061394 4.698733 2.00 1.30 2.50
32.051170 4.415493 2.00 1.50 2.50
32.034744 4.256690 2.00 1.70 2.50
31.998253 4.157660 2.00 2.00 2.50
28.957632 10.883554 3.00 0.50 2.50
30.350275 8.311080 3.00 0.70 2.50
31.132292 5.381779 3.00 1.00 2.50
31.046545 4.815419 3.00 1.30 2.50
30.917820 4.770249 3.00 1.50 2.50
30.812212 4.741892 3.00 1.70 2.50
30.690092 4.773696 3.00 2.00 2.50
28.110285 10.543296 4.00 0.50 2.50
29.649599 8.172963 4.00 0.70 2.50
30.659311 5.161182 4.00 1.00 2.50
30.548899 4.908437 4.00 1.30 2.50
30.348362 5.049360 4.00 1.50 2.50
30.179686 5.139020 4.00 1.70 2.50
30.004288 5.195881 4.00 2.00 2.50
28.707573 5.243503 1.00 0.50 7.50
28.084246 5.097240 1.00 0.70 7.50
27.320812 5.128518 1.00 1.00 7.50
26.932636 5.031044 1.00 1.30 7.50
26.788145 4.965312 1.00 1.50 7.50
26.676027 4.929424 1.00 1.70 7.50
26.585129 4.855712 1.00 2.00 7.50
27.539019 5.678844 2.00 0.50 7.50
26.947502 5.186439 2.00 0.70 7.50
25.770655 5.812019 2.00 1.00 7.50
25.043421 5.957267 2.00 1.30 7.50
24.774931 5.909905 2.00 1.50 7.50
24.604979 5.838895 2.00 1.70 7.50
24.451275 5.755704 2.00 2.00 7.50
26.777916 5.750861 3.00 0.50 7.50
26.421572 4.998607 3.00 0.70 7.50
25.322105 5.810170 3.00 1.00 7.50
24.530684 6.154386 3.00 1.30 7.50
24.228090 6.145373 3.00 1.50 7.50
24.041584 6.083431 3.00 1.70 7.50
23.880449 6.012791 3.00 2.00 7.50
26.204279 5.789430 4.00 0.50 7.50
26.039196 4.850636 4.00 0.70 7.50
25.105104 5.654827 4.00 1.00 7.50
24.356033 6.097412 4.00 1.30 7.50
24.060566 6.120986 4.00 1.50 7.50
23.879206 6.084069 4.00 1.70 7.50
23.731716 6.025040 4.00 2.00 7.50
26.827864 4.874541 1.00 0.50 10.00
25.940681 5.312194 1.00 0.70 10.00
25.019529 5.527703 1.00 1.00 10.00
24.579189 5.421168 1.00 1.30 10.00
24.419531 5.338752 1.00 1.50 10.00
24.302553 5.286754 1.00 1.70 10.00
24.208162 5.196136 1.00 2.00 10.00
25.954905 4.899054 2.00 0.50 10.00
25.017336 5.349672 2.00 0.70 10.00
23.738613 6.121331 2.00 1.00 10.00
23.038643 6.173101 2.00 1.30 10.00
22.790176 6.093525 2.00 1.50 10.00
22.635941 6.009310 2.00 1.70 10.00
22.502426 5.913393 2.00 2.00 10.00
25.368567 4.835942 3.00 0.50 10.00
24.615908 5.131495 3.00 0.70 10.00
23.417669 6.045187 3.00 1.00 10.00
22.708200 6.202582 3.00 1.30 10.00
22.454475 6.142932 3.00 1.50 10.00
22.302557 6.072686 3.00 1.70 10.00
22.179207 5.997707 3.00 2.00 10.00
24.921850 4.809537 4.00 0.50 10.00
24.338722 4.941433 4.00 0.70 10.00
23.276121 5.880864 4.00 1.00 10.00
22.610815 6.112233 4.00 1.30 10.00
22.369465 6.079756 4.00 1.50 10.00
22.226467 6.032152 4.00 1.70 10.00
22.116915 5.971268 4.00 2.00 10.00
22.343498 5.526910 1.00 0.50 20.00
21.362741 6.187490 1.00 0.70 20.00
20.476221 6.298239 1.00 1.00 20.00
20.075945 6.116732 1.00 1.30 20.00
19.936193 6.008715 1.00 1.50 20.00
19.842579 5.934954 1.00 1.70 20.00
19.767124 5.838678 1.00 2.00 20.00
21.882969 5.238861 2.00 0.50 20.00
20.850210 6.072888 2.00 0.70 20.00
19.855326 6.386006 2.00 1.00 20.00
19.390985 6.266340 2.00 1.30 20.00
19.236805 6.178450 2.00 1.50 20.00
19.147537 6.105770 2.00 1.70 20.00
19.077354 6.038168 2.00 2.00 20.00
21.589968 4.980971 3.00 0.50 20.00
20.662424 5.826311 3.00 0.70 20.00
19.743797 6.231760 3.00 1.00 20.00
19.308447 6.172908 3.00 1.30 20.00
19.166422 6.110220 3.00 1.50 20.00
19.087408 6.056922 3.00 1.70 20.00
19.029919 6.013159 3.00 2.00 20.00
21.372976 4.780109 4.00 0.50 20.00
20.546192 5.615006 4.00 0.70 20.00
19.697271 6.107205 4.00 1.00 20.00
19.283422 6.113437 4.00 1.30 20.00
19.147181 6.075388 4.00 1.50 20.00
19.072153 6.034708 4.00 1.70 20.00
19.019518 6.002780 4.00 2.00 20.00
