19.015352 7.313982 1.00 0.00 0.00 1.00
29.575632 14.703299 1.00 1.00 0.00 1.00
18.860146 6.699539 2.00 0.00 0.00 1.00
26.055134 12.764531 2.00 1.00 0.00 1.00
18.849716 6.660483 3.00 0.00 0.00 1.00
24.648453 11.501466 3.00 1.00 0.00 1.00
18.849623 6.659531 4.00 0.00 0.00 1.00
23.832214 10.693787 4.00 1.00 0.00 1.00
18.991112 7.523509 1.00 0.00 1.00 1.00
29.569302 14.594156 1.00 1.00 1.00 1.00
18.835400 6.870015 2.00 0.00 1.00 1.00
26.051296 12.715136 2.00 1.00 1.00 1.00
18.824883 6.827868 3.00 0.00 1.00 1.00
24.643818 11.466614 3.00 1.00 1.00 1.00
18.824789 6.826978 4.00 0.00 1.00 1.00
23.827290 10.674688 4.00 1.00 1.00 1.00
18.960749 7.521610 1.00 0.00 2.00 1.00
29.380831 13.035439 1.00 1.00 2.00 1.00
18.805952 6.870230 2.00 0.00 2.00 1.00
25.967402 12.012308 2.00 1.00 2.00 1.00
18.795465 6.827835 3.00 0.00 2.00 1.00
24.583647 10.994116 3.00 1.00 2.00 1.00
18.795357 6.826815 4.00 0.00 2.00 1.00
23.778492 10.309876 4.00 1.00 2.00 1.00
18.111923 5.599406 1.00 0.00 0.00 5.00
29.018702 11.065951 1.00 1.00 0.00 5.00
18.010445 5.342521 2.00 0.00 0.00 5.00
25.996681 11.540042 2.00 1.00 0.00 5.00
18.004421 5.328278 3.00 0.00 0.00 5.00
24.760574 10.954359 3.00 1.00 0.00 5.00
18.004667 5.328874 4.00 0.00 0.00 5.00
24.031118 10.458977 4.00 1.00 0.00 5.00
17.863432 4.346334 1.00 0.00 0.00 15.00
27.023096 4.296059 1.00 1.00 0.00 15.00
17.826569 4.330369 2.00 0.00 0.00 15.00
25.477077 7.451075 2.00 1.00 0.00 15.00
17.826174 4.333575 3.00 0.00 0.00 15.00
24.619644 8.200490 3.00 1.00 0.00 15.00
17.827332 4.336226 4.00 0.00 0.00 15.00
24.039038 8.384056 4.00 1.00 0.00 15.00
17.545137 3.361624 1.00 0.00 0.00 25.00
24.878677 1.724370 1.00 1.00 0.00 25.00
17.582653 3.488292 2.00 0.00 0.00 25.00
24.435722 4.330912 2.00 1.00 0.00 25.00
17.588839 3.503813 3.00 0.00 0.00 25.00
23.939489 5.471544 3.00 1.00 0.00 25.00
17.591249 3.508390 4.00 0.00 0.00 25.00
23.518024 5.998518 4.00 1.00 0.00 25.00
17.069683 2.543094 1.00 0.00 0.00 35.00
22.990444 0.806012 1.00 1.00 0.00 35.00
17.179951 2.733360 2.00 0.00 0.00 35.00
23.214720 2.518719 2.00 1.00 0.00 35.00
17.192965 2.754857 3.00 0.00 0.00 35.00
23.006531 3.543129 3.00 1.00 0.00 35.00
17.196810 2.760408 4.00 0.00 0.00 35.00
22.734726 4.107919 4.00 1.00 0.00 35.00
18.518501 6.630070 1.00 0.00 0.00 2.50
29.458330 13.796896 1.00 1.00 0.00 2.50
18.386156 6.158900 2.00 0.00 0.00 2.50
26.031538 12.417790 2.00 1.00 0.00 2.50
18.377548 6.130883 3.00 0.00 0.00 2.50
24.665993 11.352086 3.00 1.00 0.00 2.50
18.377579 6.131094 4.00 0.00 0.00 2.50
23.871004 10.655880 4.00 1.00 0.00 2.50
18.038507 5.277372 1.00 0.00 0.00 7.50
28.665380 9.251621 1.00 1.00 0.00 7.50
17.950233 5.087354 2.00 0.00 0.00 7.50
25.950430 10.804948 2.00 1.00 0.00 7.50
17.945364 5.077416 3.00 0.00 0.00 7.50
24.791519 10.559122 3.00 1.00 0.00 7.50
17.945770 5.078406 4.00 0.00 0.00 7.50
24.093433 10.210019 4.00 1.00 0.00 7.50
17.982100 4.871639 1.00 0.00 0.00 10.00
28.088194 6.982704 1.00 1.00 0.00 10.00
17.911892 4.752160 2.00 0.00 0.00 10.00
25.827826 9.537981 2.00 1.00 0.00 10.00
17.908659 4.747655 3.00 0.00 0.00 10.00
24.779844 9.739306 3.00 1.00 0.00 10.00
17.909307 4.749223 4.00 0.00 0.00 10.00
24.124113 9.602268 4.00 1.00 0.00 10.00
17.732420 3.843871 1.00 0.00 0.00 20.00
25.930252 2.685676 1.00 1.00 0.00 20.00
17.731447 3.907811 2.00 0.00 0.00 20.00
24.989754 5.711631 2.00 1.00 0.00 20.00
17.734251 3.917703 3.00 0.00 0.00 20.00
24.317993 6.752906 3.00 1.00 0.00 20.00
17.736004 3.921265 4.00 0.00 0.00 20.00
23.818226 7.141926 4.00 1.00 0.00 20.00
