33.511883 15.192229 1.00 0.50 0.00 1.00
35.209358 15.487892 1.00 0.70 0.00 1.00
37.186161 15.503937 1.00 1.00 0.00 1.00
38.440041 14.620962 1.00 1.30 0.00 1.00
38.960155 13.728376 1.00 1.50 0.00 1.00
39.301720 12.807573 1.00 1.70 0.00 1.00
39.596561 11.583617 1.00 2.00 0.00 1.00
30.703850 13.515199 2.00 0.50 0.00 1.00
32.758465 13.740935 2.00 0.70 0.00 1.00
35.554798 13.882194 2.00 1.00 0.00 1.00
37.697716 13.279386 2.00 1.30 0.00 1.00
38.743416 12.482876 2.00 1.50 0.00 1.00
39.538139 11.545269 2.00 1.70 0.00 1.00
40.378910 10.134379 2.00 2.00 0.00 1.00
29.319542 12.312094 3.00 0.50 0.00 1.00
31.488548 12.281059 3.00 0.70 0.00 1.00
34.691483 12.097752 3.00 1.00 0.00 1.00
37.398117 11.452920 3.00 1.30 0.00 1.00
38.797012 10.720288 3.00 1.50 0.00 1.00
39.888397 9.849625 3.00 1.70 0.00 1.00
41.070786 8.520361 3.00 2.00 0.00 1.00
28.403786 11.560493 4.00 0.50 0.00 1.00
30.611300 11.358517 4.00 0.70 0.00 1.00
34.027504 10.912814 4.00 1.00 0.00 1.00
37.116577 10.179829 4.00 1.30 0.00 1.00
38.779675 9.499460 4.00 1.50 0.00 1.00
40.093292 8.701842 4.00 1.70 0.00 1.00
41.514915 7.460951 4.00 2.00 0.00 1.00
33.502316 15.242711 1.00 0.50 1.00 1.00
35.194878 15.551136 1.00 0.70 1.00 1.00
37.157272 15.529801 1.00 1.00 1.00 1.00
38.402046 14.663130 1.00 1.30 1.00 1.00
38.915924 13.769615 1.00 1.50 1.00 1.00
39.253414 12.849293 1.00 1.70 1.00 1.00
39.546638 11.640265 1.00 2.00 1.00 1.00
30.696592 13.572402 2.00 0.50 1.00 1.00
32.747692 13.810574 2.00 0.70 1.00 1.00
35.536781 13.945348 2.00 1.00 1.00 1.00
37.672543 13.352865 2.00 1.30 1.00 1.00
38.715050 12.571731 2.00 1.50 1.00 1.00
39.506214 11.635559 2.00 1.70 1.00 1.00
40.346260 10.233078 2.00 2.00 1.00 1.00
29.313492 12.367410 3.00 0.50 1.00 1.00
31.479298 12.348551 3.00 0.70 1.00 1.00
34.676762 12.169931 3.00 1.00 1.00 1.00
37.377705 11.520429 3.00 1.30 1.00 1.00
38.774052 10.789715 3.00 1.50 1.00 1.00
39.864552 9.928293 3.00 1.70 1.00 1.00
41.048046 8.602961 3.00 2.00 1.00 1.00
28.398924 11.611706 4.00 0.50 1.00 1.00
30.604237 11.424370 4.00 0.70 1.00 1.00
34.015797 10.980450 4.00 1.00 1.00 1.00
37.100357 10.238289 4.00 1.30 1.00 1.00
38.761536 9.551654 4.00 1.50 1.00 1.00
40.075062 8.759114 4.00 1.70 1.00 1.00
41.499405 7.525295 4.00 2.00 1.00 1.00
33.076385 12.359847 1.00 0.50 2.00 1.00
34.591976 11.793987 1.00 0.70 2.00 1.00
36.273006 10.683219 1.00 1.00 2.00 1.00
37.300003 9.409675 1.00 1.30 2.00 1.00
37.719921 8.586653 1.00 1.50 2.00 1.00
37.997009 7.861828 1.00 1.70 2.00 1.00
38.243858 7.001796 1.00 2.00 2.00 1.00
30.466612 11.985747 2.00 0.50 2.00 1.00
32.393192 11.556645 2.00 0.70 2.00 1.00
34.912174 10.483532 2.00 1.00 2.00 1.00
36.737152 8.970702 2.00 1.30 2.00 1.00
37.591030 7.914405 2.00 1.50 2.00 1.00
38.222916 6.939660 2.00 1.70 2.00 1.00
38.880276 5.731644 2.00 2.00 2.00 1.00
29.148466 11.257895 3.00 0.50 2.00 1.00
31.218035 10.749398 3.00 0.70 2.00 1.00
34.172688 9.541817 3.00 1.00 2.00 1.00
36.525864 7.881186 3.00 1.30 2.00 1.00
37.674145 6.740760 3.00 1.50 2.00 1.00
38.533463 5.717942 3.00 1.70 2.00 1.00
39.427307 4.488494 3.00 2.00 2.00 1.00
28.267384 10.748056 4.00 0.50 2.00 1.00
30.393616 10.177807 4.00 0.70 2.00 1.00
33.589375 8.878412 4.00 1.00 2.00 1.00
36.315956 7.138845 4.00 1.30 2.00 1.00
37.691086 5.973238 4.00 1.50 2.00 1.00
38.720871 4.955864 4.00 1.70 2.00 1.00
39.772743 3.769646 4.00 2.00 2.00 1.00
32.484455 10.699063 1.00 0.50 0.00 5.00
33.568375 8.867388 1.00 0.70 0.00 5.00
34.433144 6.061008 1.00 1.00 0.00 5.00
34.674744 4.033422 1.00 1.30 0.00 5.00
34.673939 3.150132 1.00 1.50 0.00 5.00
34.611061 2.519794 1.00 1.70 0.00 5.00
34.519596 1.967684 1.00 2.00 0.00 5.00
30.175026 11.494332 2.00 0.50 0.00 5.00
31.782534 9.837031 2.00 0.70 0.00 5.00
33.481358 6.515837 2.00 1.00 0.00 5.00
34.243893 3.754478 2.00 1.30 0.00 5.00
34.417076 2.570833 2.00 1.50 0.00 5.00
34.461399 1.805968 2.00 1.70 0.00 5.00
34.426693 1.137980 2.00 2.00 0.00 5.00
28.913818 10.976489 3.00 0.50 0.00 5.00
30.720091 9.479671 3.00 0.70 0.00 5.00
32.896793 6.184217 3.00 1.00 0.00 5.00
34.054577 3.260810 3.00 1.30 0.00 5.00
34.363007 2.060837 3.00 1.50 0.00 5.00
34.466640 1.335960 3.00 1.70 0.00 5.00
34.455162 0.757621 3.00 2.00 0.00 5.00
28.055353 10.521900 4.00 0.50 0.00 5.00
29.953865 9.122910 4.00 0.70 0.00 5.00
32.422981 5.931451 4.00 1.00 0.00 5.00
33.890038 2.968360 4.00 1.30 0.00 5.00
34.313873 1.781819 4.00 1.50 0.00 5.00
34.468243 1.102812 4.00 1.70 0.00 5.00
34.473927 0.595256 4.00 2.00 0.00 5.00
29.176233 3.461555 1.00 0.50 0.00 15.00
29.043280 2.030303 1.00 0.70 0.00 15.00
28.418682 0.938530 1.00 1.00 0.00 15.00
27.790241 0.535712 1.00 1.30 0.00 15.00
27.463194 0.416322 1.00 1.50 0.00 15.00
27.205601 0.347601 1.00 1.70 0.00 15.00
26.889238 0.286739 1.00 2.00 0.00 15.00
28.226082 5.784017 2.00 0.50 0.00 15.00
28.443342 3.090317 2.00 0.70 0.00 15.00
27.946993 1.015984 2.00 1.00 0.00 15.00
27.195023 0.413429 2.00 1.30 0.00 15.00
26.780115 0.281457 2.00 1.50 0.00 15.00
26.455717 0.218361 2.00 1.70 0.00 15.00
26.116112 0.175838 2.00 2.00 0.00 15.00
27.390862 6.393273 3.00 0.50 0.00 15.00
27.883032 3.448204 3.00 0.70 0.00 15.00
27.648933 1.011967 3.00 1.00 0.00 15.00
26.923651 0.355263 3.00 1.30 0.00 15.00
26.479359 0.234255 3.00 1.50 0.00 15.00
26.131842 0.183742 3.00 1.70 0.00 15.00
25.775166 0.152530 3.00 2.00 0.00 15.00
26.748158 6.615306 4.00 0.50 0.00 15.00
27.428434 3.653643 4.00 0.70 0.00 15.00
27.430542 1.028776 4.00 1.00 0.00 15.00
26.773958 0.330222 4.00 1.30 0.00 15.00
26.324989 0.214995 4.00 1.50 0.00 15.00
25.966885 0.170773 4.00 1.70 0.00 15.00
25.601896 0.144788 4.00 2.00 0.00 15.00
26.402691 1.335680 1.00 0.50 0.00 25.00
25.740671 0.712007 1.00 0.70 0.00 25.00
24.670717 0.359377 1.00 1.00 0.00 25.00
23.865398 0.255416 1.00 1.30 0.00 25.00
23.483364 0.228256 1.00 1.50 0.00 25.00
23.188738 0.213694 1.00 1.70 0.00 25.00
22.849167 0.200110 1.00 2.00 0.00 25.00
26.234749 2.813525 2.00 0.50 0.00 25.00
25.554588 1.141678 2.00 0.70 0.00 25.00
24.192493 0.359603 2.00 1.00 0.00 25.00
23.121740 0.214546 2.00 1.30 0.00 25.00
22.632524 0.188171 2.00 1.50 0.00 25.00
22.278845 0.176101 2.00 1.70 0.00 25.00
21.918154 0.167615 2.00 2.00 0.00 25.00
25.734497 3.455651 3.00 0.50 0.00 25.00
25.235018 1.349529 3.00 0.70 0.00 25.00
23.922932 0.359016 3.00 1.00 0.00 25.00
22.776714 0.203220 3.00 1.30 0.00 25.00
22.246849 0.180084 3.00 1.50 0.00 25.00
21.873863 0.169523 3.00 1.70 0.00 25.00
21.514643 0.162393 3.00 2.00 0.00 25.00
25.282303 3.806763 4.00 0.50 0.00 25.00
24.951637 1.498387 4.00 0.70 0.00 25.00
23.752052 0.366196 4.00 1.00 0.00 25.00
22.593477 0.198973 4.00 1.30 0.00 25.00
22.045095 0.177191 4.00 1.50 0.00 25.00
21.662798 0.167750 4.00 1.70 0.00 25.00
21.307817 0.161234 4.00 2.00 0.00 25.00
24.190912 0.620807 1.00 0.50 0.00 35.00
23.272642 0.349808 1.00 0.70 0.00 35.00
22.044086 0.232385 1.00 1.00 0.00 35.00
21.202358 0.206371 1.00 1.30 0.00 35.00
20.808422 0.201158 1.00 1.50 0.00 35.00
20.504543 0.199076 1.00 1.70 0.00 35.00
20.166882 0.196706 1.00 2.00 0.00 35.00
24.420904 1.424669 2.00 0.50 0.00 35.00
23.217876 0.521933 2.00 0.70 0.00 35.00
21.512730 0.230021 2.00 1.00 0.00 35.00
20.378399 0.195860 2.00 1.30 0.00 35.00
19.888115 0.190635 2.00 1.50 0.00 35.00
19.536896 0.188189 2.00 1.70 0.00 35.00
19.182901 0.186274 2.00 2.00 0.00 35.00
24.138174 1.873287 3.00 0.50 0.00 35.00
23.005188 0.624610 3.00 0.70 0.00 35.00
21.233624 0.233236 3.00 1.00 0.00 35.00
19.994356 0.196606 3.00 1.30 0.00 35.00
19.467941 0.191735 3.00 1.50 0.00 35.00
19.108112 0.188719 3.00 1.70 0.00 35.00
18.768644 0.185943 3.00 2.00 0.00 35.00
23.828081 2.162310 4.00 0.50 0.00 35.00
22.811758 0.708571 4.00 0.70 0.00 35.00
21.072407 0.239296 4.00 1.00 0.00 35.00
19.792614 0.197635 4.00 1.30 0.00 35.00
19.247648 0.192649 4.00 1.50 0.00 35.00
18.883642 0.189095 4.00 1.70 0.00 35.00
18.554436 0.186061 4.00 2.00 0.00 35.00
33.331799 14.323553 1.00 0.50 0.00 2.50
34.918724 14.014761 1.00 0.70 0.00 2.50
36.666012 12.870008 1.00 1.00 0.00 2.50
37.669846 11.096465 1.00 1.30 0.00 2.50
38.030167 9.811233 1.00 1.50 0.00 2.50
38.262909 8.816698 1.00 1.70 0.00 2.50
38.418793 7.524946 1.00 2.00 0.00 2.50
30.608860 13.190677 2.00 0.50 0.00 2.50
32.593468 13.043796 2.00 0.70 0.00 2.50
35.201275 12.172977 2.00 1.00 0.00 2.50
37.047787 10.378888 2.00 1.30 0.00 2.50
37.866653 8.970614 2.00 1.50 0.00 2.50
38.438797 7.641675 2.00 1.70 0.00 2.50
38.986515 6.010957 2.00 2.00 0.00 2.50
29.245197 12.101559 3.00 0.50 0.00 2.50
31.358366 11.810058 3.00 0.70 0.00 2.50
34.394928 10.834868 3.00 1.00 0.00 2.50
36.784439 9.033985 3.00 1.30 0.00 2.50
37.903149 7.610839 3.00 1.50 0.00 2.50
38.696815 6.276809 3.00 1.70 0.00 2.50
39.456825 4.659348 3.00 2.00 0.00 2.50
28.339462 11.396728 4.00 0.50 0.00 2.50
30.500032 10.994874 4.00 0.70 0.00 2.50
33.768845 9.913906 4.00 1.00 0.00 2.50
36.537060 8.123473 4.00 1.30 0.00 2.50
37.885193 6.727789 4.00 1.50 0.00 2.50
38.844234 5.429764 4.00 1.70 0.00 2.50
39.744011 3.876900 4.00 2.00 0.00 2.50
31.808865 8.486626 1.00 0.50 0.00 7.50
32.562679 6.369010 1.00 0.70 0.00 7.50
32.949486 3.752827 1.00 1.00 0.00 7.50
32.870243 2.260583 1.00 1.30 0.00 7.50
32.738384 1.698628 1.00 1.50 0.00 7.50
32.592205 1.328138 1.00 1.70 0.00 7.50
32.409801 1.016580 1.00 2.00 0.00 7.50
29.812796 10.145937 2.00 0.50 0.00 7.50
31.114956 7.793215 2.00 0.70 0.00 7.50
32.206676 4.181899 2.00 1.00 0.00 7.50
32.434010 2.005463 2.00 1.30 0.00 7.50
32.362614 1.266326 2.00 1.50 0.00 7.50
32.240143 0.847829 2.00 1.70 0.00 7.50
32.053551 0.519571 2.00 2.00 0.00 7.50
28.638535 10.007466 3.00 0.50 0.00 7.50
30.181107 7.826633 3.00 0.70 0.00 7.50
31.735830 4.078945 3.00 1.00 0.00 7.50
32.246429 1.729126 3.00 1.30 0.00 7.50
32.239395 0.995163 3.00 1.50 0.00 7.50
32.129642 0.615108 3.00 1.70 0.00 7.50
31.933867 0.348591 3.00 2.00 0.00 7.50
27.821283 9.739485 4.00 0.50 0.00 7.50
29.488380 7.712766 4.00 0.70 0.00 7.50
31.352060 4.001521 4.00 1.00 0.00 7.50
32.107269 1.575701 4.00 1.30 0.00 7.50
32.166481 0.856218 4.00 1.50 0.00 7.50
32.075859 0.509149 4.00 1.70 0.00 7.50
31.877226 0.282646 4.00 2.00 0.00 7.50
30.798611 6.021614 1.00 0.50 0.00 10.00
31.146124 4.018009 1.00 0.70 0.00 10.00
31.022293 2.047204 1.00 1.00 0.00 10.00
30.645697 1.149986 1.00 1.30 0.00 10.00
30.402529 0.852097 1.00 1.50 0.00 10.00
30.192787 0.670366 1.00 1.70 0.00 10.00
29.929790 0.515139 1.00 2.00 0.00 10.00
29.237757 8.298650 2.00 0.50 0.00 10.00
30.097393 5.475795 2.00 0.70 0.00 10.00
30.449934 2.292598 2.00 1.00 0.00 10.00
30.155716 0.941099 2.00 1.30 0.00 10.00
29.884960 0.577009 2.00 1.50 0.00 10.00
29.637619 0.391063 2.00 1.70 0.00 10.00
29.353714 0.258570 2.00 2.00 0.00 10.00
28.192688 8.557815 3.00 0.50 0.00 10.00
29.326704 5.766870 3.00 0.70 0.00 10.00
30.078726 2.269982 3.00 1.00 0.00 10.00
29.941133 0.797072 3.00 1.30 0.00 10.00
29.678520 0.448887 3.00 1.50 0.00 10.00
29.419739 0.291625 3.00 1.70 0.00 10.00
29.115559 0.191367 3.00 2.00 0.00 10.00
27.439930 8.523986 4.00 0.50 0.00 10.00
28.734570 5.863129 4.00 0.70 0.00 10.00
29.784128 2.270715 4.00 1.00 0.00 10.00
29.808088 0.726682 4.00 1.30 0.00 10.00
29.570637 0.390960 4.00 1.50 0.00 10.00
29.311897 0.251479 4.00 1.70 0.00 10.00
28.997295 0.168543 4.00 2.00 0.00 10.00
27.712225 2.097198 1.00 0.50 0.00 20.00
27.264343 1.147822 1.00 0.70 0.00 20.00
26.357918 0.534569 1.00 1.00 0.00 20.00
25.608242 0.335513 1.00 1.30 0.00 20.00
25.243746 0.280749 1.00 1.50 0.00 20.00
24.961672 0.250213 1.00 1.70 0.00 20.00
24.626982 0.222628 1.00 2.00 0.00 20.00
27.211967 4.015899 2.00 0.50 0.00 20.00
26.922417 1.824844 2.00 0.70 0.00 20.00
25.894604 0.549465 2.00 1.00 0.00 20.00
24.926512 0.262610 2.00 1.30 0.00 20.00
24.456821 0.206651 2.00 1.50 0.00 20.00
24.110991 0.180840 2.00 1.70 0.00 20.00
23.754522 0.163274 2.00 2.00 0.00 20.00
26.561914 4.715626 3.00 0.50 0.00 20.00
26.508862 2.118430 3.00 0.70 0.00 20.00
25.624626 0.549715 3.00 1.00 0.00 20.00
24.616829 0.238114 3.00 1.30 0.00 20.00
24.108179 0.187936 3.00 1.50 0.00 20.00
23.737371 0.166868 3.00 1.70 0.00 20.00
23.373795 0.153434 3.00 2.00 0.00 20.00
26.022190 5.053681 4.00 0.50 0.00 20.00
26.156164 2.313997 4.00 0.70 0.00 20.00
25.442068 0.562525 4.00 1.00 0.00 20.00
24.451475 0.228537 4.00 1.30 0.00 20.00
23.927706 0.181126 4.00 1.50 0.00 20.00
23.545994 0.162485 4.00 1.70 0.00 20.00
23.180552 0.150654 4.00 2.00 0.00 20.00
