29.821758 14.049901 1.00 5.00
26.231512 13.105552 2.00 5.00
24.673435 12.298648 3.00 5.00
23.708574 11.799314 4.00 5.00
29.146004 10.005481 1.00 15.00
26.095371 12.116289 2.00 15.00
24.616367 11.910500 3.00 15.00
23.675274 11.599208 4.00 15.00
28.185610 6.574719 1.00 25.00
25.850830 10.667624 2.00 25.00
24.506189 11.232543 3.00 25.00
23.609167 11.219220 4.00 25.00
27.142031 4.304906 1.00 35.00
25.518583 9.128279 2.00 35.00
24.340015 10.352735 3.00 35.00
23.502504 10.660347 4.00 35.00
29.918663 14.867958 1.00 2.50
26.247749 13.236608 2.00 2.50
24.679890 12.344767 3.00 2.50
23.712183 11.822626 4.00 2.50
29.722393 13.294212 1.00 7.50
26.213387 12.965367 2.00 7.50
24.665943 12.247448 3.00 7.50
23.704126 11.773258 4.00 7.50
29.534519 12.056580 1.00 10.00
26.177528 12.690500 2.00 10.00
24.651257 12.141045 3.00 10.00
23.695759 11.719518 4.00 10.00
28.690159 8.166600 1.00 20.00
25.987513 11.439016 2.00 20.00
24.568466 11.610291 3.00 20.00
23.647423 11.444471 4.00 20.00
23.014990 11.469374 5.00 2.50
23.012489 11.456569 5.00 5.00
23.009716 11.441372 5.00 7.50
23.003668 11.408072 5.00 10.00
22.989485 11.337550 5.00 15.00
22.969517 11.229291 5.00 20.00
22.941845 11.086247 5.00 25.00
22.863585 10.702410 5.00 35.00
