20.060047 4.697565 1.00 0.00 5.00
26.586420 6.293162 1.00 1.00 5.00
19.946251 4.648003 2.00 0.00 5.00
24.686836 7.760034 2.00 1.00 5.00
19.939034 4.649271 3.00 0.00 5.00
23.700850 7.770754 3.00 1.00 5.00
19.939718 4.652442 4.00 0.00 5.00
23.062803 7.590990 4.00 1.00 5.00
18.529116 1.600614 1.00 0.00 15.00
22.842205 4.581968 1.00 1.00 15.00
18.484953 1.561308 2.00 0.00 15.00
21.970510 4.247983 2.00 1.00 15.00
18.483923 1.558527 3.00 0.00 15.00
21.478674 4.070944 3.00 1.00 15.00
18.485228 1.558868 4.00 0.00 15.00
21.128630 3.983182 4.00 1.00 15.00
16.531874 1.147459 1.00 0.00 25.00
20.550173 4.821973 1.00 1.00 25.00
16.524530 1.086871 2.00 0.00 25.00
20.083057 4.146074 2.00 1.00 25.00
16.528233 1.082474 3.00 0.00 25.00
19.798506 3.862456 3.00 1.00 25.00
16.530882 1.082766 4.00 0.00 25.00
19.584993 3.705518 4.00 1.00 25.00
15.434132 1.103819 1.00 0.00 35.00
18.915552 5.001525 1.00 1.00 35.00
15.453340 1.055364 2.00 0.00 35.00
18.672823 4.314827 2.00 1.00 35.00
15.459539 1.051493 3.00 0.00 35.00
18.487089 4.028224 3.00 1.00 35.00
15.462811 1.051684 4.00 0.00 35.00
18.340996 3.862396 4.00 1.00 35.00
20.288925 6.973690 1.00 0.00 2.50
28.219065 9.095977 1.00 1.00 2.50
20.128262 6.667856 2.00 0.00 2.50
25.556494 10.519414 2.00 1.00 2.50
20.117678 6.654568 3.00 0.00 2.50
24.317940 10.076260 3.00 1.00 2.50
20.117935 6.656738 4.00 0.00 2.50
23.560835 9.564504 4.00 1.00 2.50
19.856020 3.531890 1.00 0.00 7.50
25.666904 5.430884 1.00 1.00 7.50
19.763098 3.529080 2.00 0.00 7.50
24.085415 6.424171 2.00 1.00 7.50
19.757473 3.532130 3.00 0.00 7.50
23.235384 6.510542 3.00 1.00 7.50
19.758268 3.534455 4.00 0.00 7.50
22.670862 6.454579 4.00 1.00 7.50
19.511429 2.368119 1.00 0.00 10.00
24.476021 4.806541 1.00 1.00 10.00
19.438457 2.342053 2.00 0.00 10.00
23.231064 5.075037 2.00 1.00 10.00
19.434490 2.340671 3.00 0.00 10.00
22.539238 5.029240 3.00 1.00 10.00
19.435425 2.341556 4.00 0.00 10.00
22.066118 4.984430 4.00 1.00 10.00
17.432274 1.297811 1.00 0.00 20.00
21.549576 4.749056 1.00 1.00 20.00
17.405636 1.236099 2.00 0.00 20.00
20.909389 4.144942 2.00 1.00 20.00
17.407000 1.231478 3.00 0.00 20.00
20.543430 3.879611 3.00 1.00 20.00
17.408928 1.231708 4.00 0.00 20.00
20.278397 3.738635 4.00 1.00 20.00
