29.020391 6.542362 1.00 5.00
26.178883 8.955631 2.00 5.00
24.751575 9.319978 3.00 5.00
23.807783 9.349695 4.00 5.00
23.540020 1.135019 1.00 15.00
22.416122 2.079656 2.00 15.00
21.707005 2.645539 3.00 15.00
21.182144 3.042003 4.00 15.00
19.861362 0.820637 1.00 25.00
19.302851 0.935367 2.00 25.00
18.915052 1.104692 3.00 25.00
18.610092 1.273308 4.00 25.00
17.255140 0.912315 1.00 35.00
16.922840 0.805776 2.00 35.00
16.681591 0.811870 3.00 35.00
16.485823 0.857290 4.00 35.00
30.522610 12.032292 1.00 2.50
26.936594 12.707004 2.00 2.50
25.290848 12.168848 3.00 2.50
24.239197 11.681530 4.00 2.50
27.467697 3.654720 1.00 7.50
25.250418 6.052238 2.00 7.50
24.048107 6.791293 3.00 7.50
23.224678 7.119841 4.00 7.50
26.024059 2.223692 1.00 10.00
24.280996 4.112449 2.00 10.00
23.275148 4.897827 3.00 10.00
22.565474 5.335921 4.00 10.00
21.526150 0.863568 1.00 20.00
20.753990 1.260266 2.00 20.00
20.238232 1.591483 3.00 20.00
19.842978 1.863316 4.00 20.00
23.468689 11.419950 5.00 2.50
23.100060 9.390411 5.00 5.00
22.594053 7.354735 5.00 7.50
22.010256 5.659696 5.00 10.00
20.757046 3.357355 5.00 15.00
19.516687 2.099306 5.00 20.00
18.351910 1.429331 5.00 25.00
16.314573 0.910230 5.00 35.00
