33.032112 12.903434 1.00 0.50 5.00
34.404545 11.612665 1.00 0.70 5.00
35.739407 9.090682 1.00 1.00 5.00
36.356262 6.759917 1.00 1.30 5.00
36.511818 5.503440 1.00 1.50 5.00
36.574207 4.581129 1.00 1.70 5.00
36.592602 3.676786 1.00 2.00 5.00
30.458969 12.639505 2.00 0.50 5.00
32.301971 11.731643 2.00 0.70 5.00
34.539440 9.319409 2.00 1.00 5.00
35.893932 6.513750 2.00 1.30 5.00
36.396751 4.968292 2.00 1.50 5.00
36.698952 3.798850 2.00 1.70 5.00
36.941132 2.626334 2.00 2.00 5.00
29.130756 11.774871 3.00 0.50 5.00
31.133762 10.929302 3.00 0.70 5.00
33.841660 8.618933 3.00 1.00 5.00
35.701065 5.740524 3.00 1.30 5.00
36.437943 4.153448 3.00 1.50 5.00
36.884403 2.986257 3.00 1.70 5.00
37.234524 1.877578 3.00 2.00 5.00
28.241108 11.162488 4.00 0.50 5.00
30.310251 10.328844 4.00 0.70 5.00
33.284698 8.099641 4.00 1.00 5.00
35.512974 5.239918 4.00 1.30 5.00
36.434425 3.660722 4.00 1.50 5.00
36.989853 2.530454 4.00 1.70 5.00
37.406963 1.502693 4.00 2.00 5.00
30.832773 5.725413 1.00 0.50 15.00
31.120579 3.530031 1.00 0.70 15.00
30.951214 1.587908 1.00 1.00 15.00
30.574951 0.798769 1.00 1.30 15.00
30.346817 0.560726 1.00 1.50 15.00
30.149710 0.420354 1.00 1.70 15.00
29.931404 0.317728 1.00 2.00 15.00
29.238602 7.878083 2.00 0.50 15.00
30.068935 4.893099 2.00 0.70 15.00
30.439308 1.844558 2.00 1.00 15.00
30.227755 0.681988 2.00 1.30 15.00
30.020178 0.396236 2.00 1.50 15.00
29.833254 0.260701 2.00 1.70 15.00
29.627647 0.172603 2.00 2.00 15.00
28.198952 8.188840 3.00 0.50 15.00
29.317833 5.245003 3.00 0.70 15.00
30.114841 1.870544 3.00 1.00 15.00
30.105885 0.584455 3.00 1.30 15.00
29.938736 0.310969 3.00 1.50 15.00
29.765406 0.198852 3.00 1.70 15.00
29.561996 0.135311 3.00 2.00 15.00
27.453650 8.210050 4.00 0.50 15.00
28.743244 5.404626 4.00 0.70 15.00
29.853670 1.907541 4.00 1.00 15.00
30.029669 0.535474 4.00 1.30 15.00
29.904543 0.270597 4.00 1.50 15.00
29.743862 0.173756 4.00 1.70 15.00
29.539518 0.124312 4.00 2.00 15.00
28.650850 2.558173 1.00 0.50 25.00
28.293406 1.251291 1.00 0.70 25.00
27.498842 0.463470 1.00 1.00 25.00
26.831463 0.242150 1.00 1.30 25.00
26.514055 0.189939 1.00 1.50 25.00
26.276617 0.164141 1.00 1.70 25.00
26.000328 0.145572 1.00 2.00 25.00
27.804489 4.492176 2.00 0.50 25.00
27.779404 1.989985 2.00 0.70 25.00
27.117081 0.497611 2.00 1.00 25.00
26.387671 0.185373 2.00 1.30 25.00
26.025122 0.136784 2.00 1.50 25.00
25.759554 0.119511 2.00 1.70 25.00
25.503708 0.111739 2.00 2.00 25.00
27.049175 5.139205 3.00 0.50 25.00
27.308392 2.315741 3.00 0.70 25.00
26.906487 0.504528 3.00 1.00 25.00
26.236055 0.162839 3.00 1.30 25.00
25.872974 0.122895 3.00 1.50 25.00
25.607166 0.112369 3.00 1.70 25.00
25.355984 0.109480 3.00 2.00 25.00
26.460804 5.450506 4.00 0.50 25.00
26.923243 2.542841 4.00 0.70 25.00
26.755005 0.527179 4.00 1.00 25.00
26.164309 0.153603 4.00 1.30 25.00
25.811628 0.117533 4.00 1.50 25.00
25.548191 0.110519 4.00 1.70 25.00
25.297653 0.110193 4.00 2.00 25.00
26.759680 1.255611 1.00 0.50 35.00
26.035088 0.545012 1.00 0.70 35.00
24.957033 0.217342 1.00 1.00 35.00
24.185635 0.149884 1.00 1.30 35.00
23.841473 0.138416 1.00 1.50 35.00
23.590149 0.134857 1.00 1.70 35.00
23.303066 0.133049 1.00 2.00 35.00
26.397717 2.569368 2.00 0.50 35.00
25.774591 0.886283 2.00 0.70 35.00
24.575537 0.207122 2.00 1.00 35.00
23.659597 0.124266 2.00 1.30 35.00
23.257812 0.119193 2.00 1.50 35.00
22.981346 0.119386 2.00 1.70 35.00
22.721260 0.121788 2.00 2.00 35.00
25.863291 3.164257 3.00 0.50 35.00
25.461641 1.076365 3.00 0.70 35.00
24.393154 0.206559 3.00 1.00 35.00
23.476690 0.119245 3.00 1.30 35.00
23.065987 0.117623 3.00 1.50 35.00
22.788397 0.119996 3.00 1.70 35.00
22.542295 0.123112 3.00 2.00 35.00
25.409422 3.515555 4.00 0.50 35.00
25.196661 1.227631 4.00 0.70 35.00
24.281668 0.212565 4.00 1.00 35.00
23.397398 0.116688 4.00 1.30 35.00
22.988409 0.117249 4.00 1.50 35.00
22.712397 0.120846 4.00 1.70 35.00
22.471809 0.124785 4.00 2.00 35.00
