28.192070 6.400045 1.00 5.00
25.389326 8.226524 2.00 5.00
24.058966 8.556894 3.00 5.00
23.206161 8.663630 4.00 5.00
23.313478 1.140347 1.00 15.00
22.088118 2.058518 2.00 15.00
21.374165 2.585886 3.00 15.00
20.870094 2.936566 4.00 15.00
19.786087 0.804472 1.00 25.00
19.162086 0.931599 2.00 25.00
18.761450 1.101276 3.00 25.00
18.462790 1.249734 4.00 25.00
17.237495 0.919585 1.00 35.00
16.868355 0.824584 2.00 35.00
16.619253 0.835634 3.00 35.00
16.427773 0.868827 4.00 35.00
29.360659 10.918868 1.00 2.50
25.995689 11.306112 2.00 2.50
24.503576 10.993048 3.00 2.50
23.570864 10.742457 4.00 2.50
26.883873 3.728571 1.00 7.50
24.612049 5.732561 2.00 7.50
23.461266 6.359809 3.00 7.50
22.702768 6.668957 4.00 7.50
25.606396 2.294822 1.00 10.00
23.770281 3.984233 2.00 10.00
22.787197 4.670211 3.00 10.00
22.122309 5.057817 4.00 10.00
21.396677 0.843871 1.00 20.00
20.540051 1.251682 2.00 20.00
20.011877 1.572614 3.00 20.00
19.627192 1.815455 4.00 20.00
