31.308670 17.044643 1.00 0.00 1.00
27.258533 14.897750 2.00 0.00 1.00
25.506828 13.605453 3.00 0.00 1.00
24.407890 12.745013 4.00 0.00 1.00
31.290298 17.079302 1.00 1.00 1.00
27.251549 14.937902 2.00 1.00 1.00
25.501259 13.643407 3.00 1.00 1.00
24.402851 12.773891 4.00 1.00 1.00
31.000189 14.841736 1.00 2.00 1.00
27.135899 14.052320 2.00 2.00 1.00
25.424902 13.082811 3.00 2.00 1.00
24.343756 12.371354 4.00 2.00 1.00
30.635597 12.524515 1.00 0.00 5.00
27.130888 13.868762 2.00 0.00 5.00
25.458479 13.175415 3.00 0.00 5.00
24.383032 12.487677 4.00 0.00 5.00
28.038742 4.603562 1.00 0.00 15.00
26.355873 9.670923 2.00 0.00 15.00
25.067154 10.781324 3.00 0.00 15.00
24.122869 10.841579 4.00 0.00 15.00
25.622280 1.944587 1.00 0.00 25.00
25.323387 6.378912 2.00 0.00 25.00
24.465233 8.299758 3.00 0.00 25.00
23.683516 8.877122 4.00 0.00 25.00
23.639931 0.991965 1.00 0.00 35.00
24.279421 4.284716 2.00 0.00 35.00
23.807114 6.372250 3.00 0.00 35.00
23.189896 7.212674 4.00 0.00 35.00
31.198540 16.129082 1.00 0.00 2.50
27.240137 14.735514 2.00 0.00 2.50
25.501411 13.546307 3.00 0.00 2.50
24.405983 12.729842 4.00 0.00 2.50
30.149097 10.256632 1.00 0.00 7.50
27.016077 13.072489 2.00 0.00 7.50
25.407028 12.783963 3.00 0.00 7.50
24.352337 12.260386 4.00 0.00 7.50
29.370499 7.567549 1.00 0.00 10.00
26.799561 11.796038 2.00 0.00 10.00
25.297779 12.070125 3.00 0.00 10.00
24.281715 11.766414 4.00 0.00 10.00
26.783381 2.930083 1.00 0.00 20.00
25.854727 7.862329 2.00 0.00 20.00
24.781967 9.497615 3.00 0.00 20.00
23.917845 9.845669 4.00 0.00 20.00
23.612251 12.299967 5.00 0.00 1.00
23.607071 12.327109 5.00 1.00 1.00
23.557297 12.004716 5.00 2.00 1.00
23.611826 12.270642 5.00 0.00 2.50
23.598438 12.093390 5.00 0.00 5.00
23.575977 11.892447 5.00 0.00 7.50
23.525423 11.517046 5.00 0.00 10.00
23.397287 10.699706 5.00 0.00 15.00
23.232162 9.874857 5.00 0.00 20.00
23.037161 8.997527 5.00 0.00 25.00
22.626846 7.549046 5.00 0.00 35.00
