18.326935 6.565909 1.00 0.00 5.00
27.877480 6.374439 1.00 1.00 5.00
18.198517 6.031341 2.00 0.00 5.00
25.217850 7.817314 2.00 1.00 5.00
18.190069 5.996827 3.00 0.00 5.00
24.062956 7.797337 3.00 1.00 5.00
18.190050 5.996042 4.00 0.00 5.00
23.373955 7.657540 4.00 1.00 5.00
17.270645 4.464728 1.00 0.00 15.00
23.171642 1.187996 1.00 1.00 15.00
17.179474 4.148920 2.00 0.00 15.00
22.023911 1.948180 2.00 1.00 15.00
17.173603 4.126479 3.00 0.00 15.00
21.438156 2.240541 3.00 1.00 15.00
17.173658 4.125858 4.00 0.00 15.00
21.060841 2.385420 4.00 1.00 15.00
16.039749 3.068666 1.00 0.00 25.00
19.712532 0.824990 1.00 1.00 25.00
15.975678 2.878633 2.00 0.00 25.00
19.141861 0.889319 2.00 1.00 25.00
15.971575 2.863273 3.00 0.00 25.00
18.830486 0.946617 3.00 1.00 25.00
15.971636 2.862764 4.00 0.00 25.00
18.621655 0.981155 4.00 1.00 25.00
14.784893 2.407941 1.00 0.00 35.00
17.195393 0.932954 1.00 1.00 35.00
14.739324 2.280552 2.00 0.00 35.00
16.868263 0.806423 2.00 1.00 35.00
14.736398 2.269141 3.00 0.00 35.00
16.683758 0.759782 3.00 1.00 35.00
14.736464 2.268685 4.00 0.00 35.00
16.556595 0.730825 4.00 1.00 35.00
