-14.710650 5.859884 0.25 10.00 1.00 5.00
-14.285354 6.497489 0.25 10.00 2.00 5.00
-14.278562 6.493081 0.25 10.00 3.00 5.00
-14.709250 5.862932 0.25 20.00 1.00 5.00
-14.294363 6.505637 0.25 20.00 2.00 5.00
-14.291660 6.501932 0.25 20.00 3.00 5.00
-14.710462 5.866745 0.25 30.00 1.00 5.00
-14.296501 6.504868 0.25 30.00 2.00 5.00
-14.294908 6.506309 0.25 30.00 3.00 5.00
-14.709250 5.862932 0.50 10.00 1.00 5.00
-14.294214 6.505437 0.50 10.00 2.00 5.00
-14.291409 6.501429 0.50 10.00 3.00 5.00
-14.712446 5.864167 0.50 20.00 1.00 5.00
-14.297477 6.507457 0.50 20.00 2.00 5.00
-14.296988 6.501495 0.50 20.00 3.00 5.00
-14.714017 5.845885 0.50 30.00 1.00 5.00
-14.298187 6.504590 0.50 30.00 2.00 5.00
-14.297932 6.505134 0.50 30.00 3.00 5.00
-14.710462 5.866745 0.75 10.00 1.00 5.00
-14.296253 6.504608 0.75 10.00 2.00 5.00
-14.294514 6.506027 0.75 10.00 3.00 5.00
-14.714017 5.845885 0.75 20.00 1.00 5.00
-14.298138 6.504736 0.75 20.00 2.00 5.00
-14.297910 6.504597 0.75 20.00 3.00 5.00
-14.706376 5.855021 0.75 30.00 1.00 5.00
-14.298703 6.498184 0.75 30.00 2.00 5.00
-14.298298 6.503759 0.75 30.00 3.00 5.00
-15.073547 4.306942 0.25 10.00 1.00 15.00
-14.137285 6.220790 0.25 10.00 2.00 15.00
-14.137722 6.194998 0.25 10.00 3.00 15.00
-15.072223 4.307958 0.25 20.00 1.00 15.00
-14.146026 6.232060 0.25 20.00 2.00 15.00
-14.144031 6.228051 0.25 20.00 3.00 15.00
-15.073295 4.312334 0.25 30.00 1.00 15.00
-14.148503 6.232790 0.25 30.00 2.00 15.00
-14.147108 6.232427 0.25 30.00 3.00 15.00
-15.072223 4.307958 0.50 10.00 1.00 15.00
-14.145773 6.232206 0.50 10.00 2.00 15.00
-14.143786 6.227661 0.50 10.00 3.00 15.00
-15.075625 4.308834 0.50 20.00 1.00 15.00
-14.149619 6.233867 0.50 20.00 2.00 15.00
-14.148822 6.231129 0.50 20.00 3.00 15.00
-15.076625 4.292491 0.50 30.00 1.00 15.00
-14.150549 6.231599 0.50 30.00 2.00 15.00
-14.150243 6.231001 0.50 30.00 3.00 15.00
-15.073295 4.312334 0.75 10.00 1.00 15.00
-14.148211 6.232420 0.75 10.00 2.00 15.00
-14.146725 6.232026 0.75 10.00 3.00 15.00
-15.076625 4.292491 0.75 20.00 1.00 15.00
-14.150499 6.231858 0.75 20.00 2.00 15.00
-14.150169 6.230954 0.75 20.00 3.00 15.00
-15.068821 4.301682 0.75 30.00 1.00 15.00
-14.150552 6.229960 0.75 30.00 2.00 15.00
-14.150590 6.230972 0.75 30.00 3.00 15.00
-15.313689 3.419208 0.25 10.00 1.00 25.00
-13.976850 5.963357 0.25 10.00 2.00 25.00
-13.984417 5.912901 0.25 10.00 3.00 25.00
-15.312292 3.421116 0.25 20.00 1.00 25.00
-13.984210 5.979825 0.25 20.00 2.00 25.00
-13.983166 5.973303 0.25 20.00 3.00 25.00
-15.313585 3.425608 0.25 30.00 1.00 25.00
-13.986732 5.979793 0.25 30.00 2.00 25.00
-13.985691 5.977887 0.25 30.00 3.00 25.00
-15.312292 3.421116 0.50 10.00 1.00 25.00
-13.983877 5.979739 0.50 10.00 2.00 25.00
-13.982924 5.973088 0.50 10.00 3.00 25.00
-15.315696 3.421337 0.50 20.00 1.00 25.00
-13.987785 5.979928 0.50 20.00 2.00 25.00
-13.987091 5.978069 0.50 20.00 3.00 25.00
-15.316533 3.405841 0.50 30.00 1.00 25.00
-13.988739 5.978446 0.50 30.00 2.00 25.00
-13.988461 5.977386 0.50 30.00 3.00 25.00
-15.313585 3.425608 0.75 10.00 1.00 25.00
-13.986342 5.979821 0.75 10.00 2.00 25.00
-13.985378 5.977669 0.75 10.00 3.00 25.00
-15.316533 3.405841 0.75 20.00 1.00 25.00
-13.988670 5.978719 0.75 20.00 2.00 25.00
-13.988365 5.977333 0.75 20.00 3.00 25.00
-15.308725 3.415711 0.75 30.00 1.00 25.00
-13.988544 5.978176 0.75 30.00 2.00 25.00
-13.988774 5.978201 0.75 30.00 3.00 25.00
-15.450924 2.876534 0.25 10.00 1.00 35.00
-13.797467 5.758090 0.25 10.00 2.00 35.00
-13.811243 5.687408 0.25 10.00 3.00 35.00
-15.449699 2.877739 0.25 20.00 1.00 35.00
-13.801394 5.775120 0.25 20.00 2.00 35.00
-13.801456 5.764947 0.25 20.00 3.00 35.00
-15.451085 2.883171 0.25 30.00 1.00 35.00
-13.803771 5.773995 0.25 30.00 2.00 35.00
-13.803109 5.770937 0.25 30.00 3.00 35.00
-15.449699 2.877739 0.50 10.00 1.00 35.00
-13.801090 5.775377 0.50 10.00 2.00 35.00
-13.801144 5.765045 0.50 10.00 3.00 35.00
-15.453270 2.878103 0.50 20.00 1.00 35.00
-13.804813 5.773038 0.50 20.00 2.00 35.00
-13.804188 5.771714 0.50 20.00 3.00 35.00
-15.453438 2.864391 0.50 30.00 1.00 35.00
-13.805564 5.772283 0.50 30.00 2.00 35.00
-13.805333 5.771718 0.50 30.00 3.00 35.00
-15.451085 2.883171 0.75 10.00 1.00 35.00
-13.803303 5.774629 0.75 10.00 2.00 35.00
-13.802778 5.770748 0.75 10.00 3.00 35.00
-15.453438 2.864391 0.75 20.00 1.00 35.00
-13.805498 5.772375 0.75 20.00 2.00 35.00
-13.805248 5.771577 0.75 20.00 3.00 35.00
-15.445709 2.873058 0.75 30.00 1.00 35.00
-13.805259 5.772309 0.75 30.00 2.00 35.00
-13.805619 5.771656 0.75 30.00 3.00 35.00
