-14.573914 5.911549 1.00 0.00 0.05
-14.034549 6.433871 1.00 1.00 0.05
-14.464560 6.067850 2.00 0.00 0.05
-13.755206 6.877649 2.00 1.00 0.05
-14.454320 6.081674 3.00 0.00 0.05
-13.614820 7.083727 3.00 1.00 0.05
-14.453396 6.083411 4.00 0.00 0.05
-13.521132 7.217507 4.00 1.00 0.05
-14.391455 4.325539 1.00 0.00 0.15
-13.886953 4.602881 1.00 1.00 0.15
-14.181829 4.611887 2.00 0.00 0.15
-13.389543 5.410206 2.00 1.00 0.15
-14.163269 4.638858 3.00 0.00 0.15
-13.180324 5.816141 3.00 1.00 0.15
-14.160508 4.642842 4.00 0.00 0.15
-13.063807 6.056265 4.00 1.00 0.15
-14.459356 3.162027 1.00 0.00 0.25
-13.857662 3.357071 1.00 1.00 0.25
-14.216761 3.451622 2.00 0.00 0.25
-13.292704 4.177494 2.00 1.00 0.25
-14.193455 3.481366 3.00 0.00 0.25
-13.059998 4.636845 3.00 1.00 0.25
-14.188438 3.486335 4.00 0.00 0.25
-12.936402 4.925146 4.00 1.00 0.25
-14.665581 2.177583 1.00 0.00 0.35
-14.060064 2.239269 1.00 1.00 0.35
-14.445225 2.414937 2.00 0.00 0.35
-13.545906 2.870296 2.00 1.00 0.35
-14.422951 2.439743 3.00 0.00 0.35
-13.333426 3.240723 3.00 1.00 0.35
-14.417615 2.443344 4.00 0.00 0.35
-13.217604 3.482507 4.00 1.00 0.35
