-13.857470 6.801353 1.00 0.05
-13.501542 7.462592 2.00 0.05
-13.286014 7.869079 3.00 0.05
-13.116006 8.191459 4.00 0.05
-13.326141 5.252252 1.00 0.15
-12.665620 6.395903 2.00 0.15
-12.351960 7.010672 3.00 0.15
-12.138617 7.439059 4.00 0.15
-12.826674 3.921120 1.00 0.25
-11.807229 5.341770 2.00 0.25
-11.364602 6.157698 3.00 0.25
-11.091409 6.707847 4.00 0.25
-12.355154 2.752435 1.00 0.35
-10.907635 4.262619 2.00 0.35
-10.295598 5.240324 3.00 0.35
-9.939840 5.909071 4.00 0.35
-14.004392 7.221128 1.00 0.03
-13.717947 7.743416 2.00 0.03
-13.523306 8.103604 3.00 0.03
-13.362616 8.403429 4.00 0.03
-13.723816 6.403057 1.00 0.07
-13.297551 7.199236 2.00 0.07
-13.060116 7.653916 3.00 0.07
-12.880464 8.002488 4.00 0.07
-13.596033 6.002634 1.00 0.10
-13.096136 6.925547 2.00 0.10
-12.835444 7.432623 3.00 0.10
-12.645446 7.804991 4.00 0.10
-13.056017 4.552972 1.00 0.20
-12.222816 5.849271 2.00 0.20
-11.848472 6.563826 3.00 0.20
-11.607121 7.046838 4.00 0.20
