-14.142223 7.608793 1.00 0.00 5.00 5.00
-14.137939 7.615675 1.00 0.00 15.00 5.00
-14.137073 7.617080 1.00 0.00 25.00 5.00
-14.136684 7.617745 1.00 0.00 35.00 5.00
-13.946663 7.936959 2.00 0.00 5.00 5.00
-13.923637 7.976803 2.00 0.00 15.00 5.00
-13.919215 7.984502 2.00 0.00 25.00 5.00
-13.917329 7.987754 2.00 0.00 35.00 5.00
-13.823030 8.152779 3.00 0.00 5.00 5.00
-13.764592 8.257421 3.00 0.00 15.00 5.00
-13.753229 8.277423 3.00 0.00 25.00 5.00
-13.748416 8.285977 3.00 0.00 35.00 5.00
-13.749683 8.281203 4.00 0.00 5.00 5.00
-13.639269 8.484539 4.00 0.00 15.00 5.00
-13.616686 8.526038 4.00 0.00 25.00 5.00
-13.607125 8.543260 4.00 0.00 35.00 5.00
-14.130177 7.491978 1.00 0.00 5.00 15.00
-14.125868 7.498895 1.00 0.00 15.00 15.00
-14.125049 7.500276 1.00 0.00 25.00 15.00
-14.124670 7.500889 1.00 0.00 35.00 15.00
-13.926624 7.841370 2.00 0.00 5.00 15.00
-13.903378 7.882021 2.00 0.00 15.00 15.00
-13.898955 7.889567 2.00 0.00 25.00 15.00
-13.897076 7.892772 2.00 0.00 35.00 15.00
-13.800650 8.064972 3.00 0.00 5.00 15.00
-13.741774 8.170673 3.00 0.00 15.00 15.00
-13.730389 8.190900 3.00 0.00 25.00 15.00
-13.725580 8.199337 3.00 0.00 35.00 15.00
-13.726616 8.195687 4.00 0.00 5.00 15.00
-13.615492 8.400063 4.00 0.00 15.00 15.00
-13.592869 8.441485 4.00 0.00 25.00 15.00
-13.583291 8.459039 4.00 0.00 35.00 15.00
-14.110011 7.299918 1.00 0.00 5.00 25.00
-14.105688 7.306794 1.00 0.00 15.00 25.00
-14.104844 7.308179 1.00 0.00 25.00 25.00
-14.104491 7.308707 1.00 0.00 35.00 25.00
-13.891114 7.687053 2.00 0.00 5.00 25.00
-13.867446 7.728177 2.00 0.00 15.00 25.00
-13.862993 7.735746 2.00 0.00 25.00 25.00
-13.861126 7.739042 2.00 0.00 35.00 25.00
-13.761239 7.918392 3.00 0.00 5.00 25.00
-13.701466 8.026017 3.00 0.00 15.00 25.00
-13.689983 8.046230 3.00 0.00 25.00 25.00
-13.685132 8.054693 3.00 0.00 35.00 25.00
-13.685721 8.052386 4.00 0.00 5.00 25.00
-13.573134 8.260238 4.00 0.00 15.00 25.00
-13.550332 8.301952 4.00 0.00 25.00 25.00
-13.540729 8.319263 4.00 0.00 35.00 25.00
-14.079311 7.054478 1.00 0.00 5.00 35.00
-14.074871 7.061513 1.00 0.00 15.00 35.00
-14.074047 7.062712 1.00 0.00 25.00 35.00
-14.073675 7.063135 1.00 0.00 35.00 35.00
-13.838192 7.493665 2.00 0.00 5.00 35.00
-13.813976 7.535743 2.00 0.00 15.00 35.00
-13.809474 7.543219 2.00 0.00 25.00 35.00
-13.807575 7.546348 2.00 0.00 35.00 35.00
-13.702251 7.739470 3.00 0.00 5.00 35.00
-13.641265 7.849043 3.00 0.00 15.00 35.00
-13.629642 7.869265 3.00 0.00 25.00 35.00
-13.624778 7.877909 3.00 0.00 35.00 35.00
-13.624676 7.877645 4.00 0.00 5.00 35.00
-13.510090 8.089128 4.00 0.00 15.00 35.00
-13.487107 8.130816 4.00 0.00 25.00 35.00
-13.477439 8.148267 4.00 0.00 35.00 35.00
