-14.282779 7.610449 1.00 0.05
-14.145007 8.107499 2.00 0.05
-14.041736 8.507490 3.00 0.05
-13.953818 8.812632 4.00 0.05
-14.323857 7.500211 1.00 0.15
-14.173624 8.013590 2.00 0.15
-14.078557 8.388037 3.00 0.15
-14.010366 8.621591 4.00 0.15
-14.477526 7.027749 1.00 0.25
-14.224338 7.875978 2.00 0.25
-14.156100 8.166531 3.00 0.25
-14.113076 8.342175 4.00 0.25
-14.893729 5.864605 1.00 0.35
-14.295458 7.697742 2.00 0.35
-14.223776 8.011920 3.00 0.35
-14.177479 8.198801 4.00 0.35
-14.279231 7.621668 1.00 0.03
-14.143088 8.120234 2.00 0.03
-14.039794 8.523164 3.00 0.03
-13.952136 8.829324 4.00 0.03
-14.289804 7.592227 1.00 0.07
-14.149964 8.093090 2.00 0.07
-14.047040 8.490911 3.00 0.07
-13.961289 8.786707 4.00 0.07
-14.298344 7.573305 1.00 0.10
-14.157444 8.065804 2.00 0.10
-14.056927 8.454347 3.00 0.10
-13.975208 8.730073 4.00 0.10
-14.378142 7.337272 1.00 0.20
-14.196753 7.950065 2.00 0.20
-14.117152 8.274641 3.00 0.20
-14.065809 8.464781 4.00 0.20
-13.872669 9.113455 5.00 0.03
-13.875813 9.095469 5.00 0.05
-13.883317 9.065400 5.00 0.07
-13.899367 8.999051 5.00 0.10
-13.965629 8.769005 5.00 0.15
-14.028289 8.624407 5.00 0.20
-14.072496 8.498612 5.00 0.25
-14.133472 8.343769 5.00 0.35
