-14.160209 7.664075 1.00 0.00 1.00
-13.937739 8.040513 2.00 0.00 1.00
-13.761829 8.350621 3.00 0.00 1.00
-13.608886 8.629209 4.00 0.00 1.00
-14.118413 7.618293 1.00 1.00 1.00
-13.895912 7.990973 2.00 1.00 1.00
-13.719769 8.302745 3.00 1.00 1.00
-13.566728 8.582235 4.00 1.00 1.00
-14.075459 7.575631 1.00 2.00 1.00
-13.853054 7.950264 2.00 2.00 1.00
-13.676885 8.263352 3.00 2.00 1.00
-13.523952 8.542347 4.00 2.00 1.00
-14.153420 7.607780 1.00 0.00 5.00
-13.928331 7.990004 2.00 0.00 5.00
-13.751739 8.300353 3.00 0.00 5.00
-13.598435 8.579504 4.00 0.00 5.00
-14.122181 7.324325 1.00 0.00 15.00
-13.874279 7.763179 2.00 0.00 15.00
-13.690908 8.091314 3.00 0.00 15.00
-13.534663 8.377216 4.00 0.00 15.00
-14.052773 6.880434 1.00 0.00 25.00
-13.760562 7.424593 2.00 0.00 25.00
-13.563833 7.786034 3.00 0.00 25.00
-13.401815 8.085117 4.00 0.00 25.00
-13.952829 6.370145 1.00 0.00 35.00
-13.597909 7.045206 2.00 0.00 35.00
-13.381939 7.450677 3.00 0.00 35.00
-13.211206 7.770902 4.00 0.00 35.00
