-14.712280 6.490618 1.00 0.00 5.00
-14.137367 7.210559 1.00 1.00 5.00
-14.645158 6.596172 2.00 0.00 5.00
-13.950800 7.496850 2.00 1.00 5.00
-14.637795 6.606097 3.00 0.00 5.00
-13.835232 7.653549 3.00 1.00 5.00
-14.637260 6.607214 4.00 0.00 5.00
-13.750284 7.769420 4.00 1.00 5.00
-14.789642 5.732630 1.00 0.00 15.00
-14.129212 6.355359 1.00 1.00 15.00
-14.725121 5.840822 2.00 0.00 15.00
-13.952415 6.655282 2.00 1.00 15.00
-14.718060 5.852151 3.00 0.00 15.00
-13.849458 6.835670 3.00 1.00 15.00
-14.717196 5.854180 4.00 0.00 15.00
-13.776477 6.959674 4.00 1.00 15.00
-15.181821 4.807769 1.00 0.00 25.00
-14.065669 5.682985 1.00 1.00 25.00
-15.123693 4.888209 2.00 0.00 25.00
-13.890184 5.966509 2.00 1.00 25.00
-15.116316 4.903021 3.00 0.00 25.00
-13.796731 6.127565 3.00 1.00 25.00
-15.114566 4.909294 4.00 0.00 25.00
-13.731742 6.232724 4.00 1.00 25.00
-15.555386 4.305578 1.00 0.00 35.00
-13.920938 5.427789 1.00 1.00 35.00
-15.489542 4.440495 2.00 0.00 35.00
-13.706774 5.886422 2.00 1.00 35.00
-15.480765 4.462759 3.00 0.00 35.00
-13.604048 6.103484 3.00 1.00 35.00
-15.478438 4.470546 4.00 0.00 35.00
-13.537393 6.226846 4.00 1.00 35.00
