-14.295484 7.647637 1.00 0.00 1.00
-14.159689 8.142256 2.00 0.00 1.00
-14.055905 8.542583 3.00 0.00 1.00
-13.967386 8.852194 4.00 0.00 1.00
-14.253293 7.607775 1.00 1.00 1.00
-14.117162 8.099412 2.00 1.00 1.00
-14.013352 8.500833 3.00 1.00 1.00
-13.924993 8.807933 4.00 1.00 1.00
-14.210038 7.561287 1.00 2.00 1.00
-14.073923 8.053220 2.00 2.00 1.00
-13.969983 8.454896 3.00 2.00 1.00
-13.881626 8.761864 4.00 2.00 1.00
-14.286081 7.620355 1.00 0.00 5.00
-14.136704 8.127139 2.00 0.00 5.00
-14.025520 8.532292 3.00 0.00 5.00
-13.931849 8.833910 4.00 0.00 5.00
-14.296844 7.434364 1.00 0.00 15.00
-14.095160 8.026005 2.00 0.00 15.00
-13.956823 8.442105 3.00 0.00 15.00
-13.845519 8.753543 4.00 0.00 15.00
-14.357732 7.084808 1.00 0.00 25.00
-14.087905 7.831915 2.00 0.00 25.00
-13.919448 8.287002 3.00 0.00 25.00
-13.789024 8.613617 4.00 0.00 25.00
-14.469639 6.608559 1.00 0.00 35.00
-14.121151 7.546499 2.00 0.00 35.00
-13.921190 8.060230 3.00 0.00 35.00
-13.773831 8.405364 4.00 0.00 35.00
-14.293159 7.643538 1.00 0.00 2.50
-14.154956 8.139256 2.00 0.00 2.50
-14.049487 8.541656 3.00 0.00 2.50
-13.960293 8.849451 4.00 0.00 2.50
-14.283212 7.600714 1.00 0.00 7.50
-14.124982 8.115289 2.00 0.00 7.50
-14.009008 8.518040 3.00 0.00 7.50
-13.912175 8.822932 4.00 0.00 7.50
-14.283887 7.545714 1.00 0.00 10.00
-14.110320 8.090139 2.00 0.00 10.00
-13.986922 8.495584 3.00 0.00 10.00
-13.885055 8.806222 4.00 0.00 10.00
-14.320082 7.278638 1.00 0.00 20.00
-14.085711 7.937959 2.00 0.00 20.00
-13.932325 8.375686 3.00 0.00 20.00
-13.810827 8.695910 4.00 0.00 20.00
