-13.864264 6.791777 1.00 0.00 5.00 0.05
-13.859287 6.797063 1.00 0.00 15.00 0.05
-13.858440 6.798713 1.00 0.00 25.00 0.05
-13.858120 6.800112 1.00 0.00 35.00 0.05
-13.538814 7.398160 2.00 0.00 5.00 0.05
-13.512376 7.443841 2.00 0.00 15.00 0.05
-13.507821 7.451597 2.00 0.00 25.00 0.05
-13.505913 7.454581 2.00 0.00 35.00 0.05
-13.380237 7.697253 3.00 0.00 5.00 0.05
-13.314441 7.818785 3.00 0.00 15.00 0.05
-13.302495 7.840008 3.00 0.00 25.00 0.05
-13.297558 7.848933 3.00 0.00 35.00 0.05
-13.294914 7.856179 4.00 0.00 5.00 0.05
-13.172715 8.088278 4.00 0.00 15.00 0.05
-13.149106 8.131739 4.00 0.00 25.00 0.05
-13.139240 8.149402 4.00 0.00 35.00 0.05
-13.334446 5.242432 1.00 0.00 5.00 0.15
-13.327798 5.248986 1.00 0.00 15.00 0.15
-13.326891 5.249839 1.00 0.00 25.00 0.15
-13.326775 5.250784 1.00 0.00 35.00 0.15
-12.711930 6.318731 2.00 0.00 5.00 0.15
-12.677077 6.378648 2.00 0.00 15.00 0.15
-12.671915 6.387419 2.00 0.00 25.00 0.15
-12.669857 6.390234 2.00 0.00 35.00 0.15
-12.466914 6.799690 3.00 0.00 5.00 0.15
-12.382525 6.961067 3.00 0.00 15.00 0.15
-12.369122 6.984341 3.00 0.00 25.00 0.15
-12.363839 6.993239 3.00 0.00 35.00 0.15
-12.351445 7.027213 4.00 0.00 5.00 0.15
-12.199599 7.330239 4.00 0.00 15.00 0.15
-12.173341 7.379128 4.00 0.00 25.00 0.15
-12.162811 7.397964 4.00 0.00 35.00 0.15
-12.836498 3.914021 1.00 0.00 5.00 0.25
-12.828083 3.920938 1.00 0.00 15.00 0.25
-12.827124 3.921410 1.00 0.00 25.00 0.25
-12.827253 3.920960 1.00 0.00 35.00 0.25
-11.865226 5.256894 2.00 0.00 5.00 0.25
-11.819646 5.326655 2.00 0.00 15.00 0.25
-11.813830 5.334549 2.00 0.00 25.00 0.25
-11.811625 5.337305 2.00 0.00 35.00 0.25
-11.507844 5.902416 3.00 0.00 5.00 0.25
-11.398083 6.105573 3.00 0.00 15.00 0.25
-11.382596 6.131542 3.00 0.00 25.00 0.25
-11.376788 6.140778 3.00 0.00 35.00 0.25
-11.351191 6.204333 4.00 0.00 5.00 0.25
-11.157742 6.590907 4.00 0.00 15.00 0.25
-11.127613 6.647398 4.00 0.00 25.00 0.25
-11.116023 6.668060 4.00 0.00 35.00 0.25
-12.366508 2.745053 1.00 0.00 5.00 0.35
-12.356739 2.751656 1.00 0.00 15.00 0.35
-12.355713 2.751941 1.00 0.00 25.00 0.35
-12.355717 2.752099 1.00 0.00 35.00 0.35
-10.980378 4.173436 2.00 0.00 5.00 0.35
-10.921268 4.248550 2.00 0.00 15.00 0.35
-10.914534 4.256081 2.00 0.00 25.00 0.35
-10.912178 4.258560 2.00 0.00 35.00 0.35
-10.475000 4.952368 3.00 0.00 5.00 0.35
-10.332027 5.190170 3.00 0.00 15.00 0.35
-10.314120 5.217092 3.00 0.00 25.00 0.35
-10.307760 5.225920 3.00 0.00 35.00 0.35
-10.263034 5.322788 4.00 0.00 5.00 0.35
-10.013329 5.789193 4.00 0.00 15.00 0.35
-9.978136 5.851602 4.00 0.00 25.00 0.35
-9.965261 5.872933 4.00 0.00 35.00 0.35
-14.010969 7.210845 1.00 0.00 5.00 0.03
-14.006359 7.216616 1.00 0.00 15.00 0.03
-14.005512 7.218167 1.00 0.00 25.00 0.03
-14.005174 7.219302 1.00 0.00 35.00 0.03
-13.753676 7.681227 2.00 0.00 5.00 0.03
-13.728955 7.724946 2.00 0.00 15.00 0.03
-13.724456 7.732731 2.00 0.00 25.00 0.03
-13.722548 7.736163 2.00 0.00 35.00 0.03
-13.613482 7.939272 3.00 0.00 5.00 0.03
-13.551570 8.053349 3.00 0.00 15.00 0.03
-13.539931 8.074577 3.00 0.00 25.00 0.03
-13.535076 8.083462 3.00 0.00 35.00 0.03
-13.534547 8.083975 4.00 0.00 5.00 0.03
-13.418549 8.301423 4.00 0.00 15.00 0.03
-13.395597 8.343970 4.00 0.00 25.00 0.03
-13.385838 8.361549 4.00 0.00 35.00 0.03
-13.731100 6.392288 1.00 0.00 5.00 0.07
-13.725678 6.397974 1.00 0.00 15.00 0.07
-13.724810 6.399189 1.00 0.00 25.00 0.07
-13.724469 6.401785 1.00 0.00 35.00 0.07
-13.336880 7.130435 2.00 0.00 5.00 0.07
-13.308544 7.180408 2.00 0.00 15.00 0.07
-13.303841 7.188221 2.00 0.00 25.00 0.07
-13.301924 7.190783 2.00 0.00 35.00 0.07
-13.159027 7.474277 3.00 0.00 5.00 0.07
-13.088997 7.605549 3.00 0.00 15.00 0.07
-13.076813 7.625846 3.00 0.00 25.00 0.07
-13.071769 7.634598 3.00 0.00 35.00 0.07
-13.066963 7.649374 4.00 0.00 5.00 0.07
-12.938211 7.898234 4.00 0.00 15.00 0.07
-12.913968 7.943211 4.00 0.00 25.00 0.07
-12.903943 7.961806 4.00 0.00 35.00 0.07
-13.603457 5.994005 1.00 0.00 5.00 0.10
-13.597652 6.000118 1.00 0.00 15.00 0.10
-13.596766 6.001135 1.00 0.00 25.00 0.10
-13.596610 6.002511 1.00 0.00 35.00 0.10
-13.137569 6.854074 2.00 0.00 5.00 0.10
-13.107211 6.907186 2.00 0.00 15.00 0.10
-13.102386 6.915739 2.00 0.00 25.00 0.10
-13.100443 6.918211 2.00 0.00 35.00 0.10
-12.939231 7.243475 3.00 0.00 5.00 0.10
-12.864896 7.383863 3.00 0.00 15.00 0.10
-12.852300 7.405365 3.00 0.00 25.00 0.10
-12.847189 7.413981 3.00 0.00 35.00 0.10
-12.840057 7.434801 4.00 0.00 5.00 0.10
-12.704264 7.699998 4.00 0.00 15.00 0.10
-12.679407 7.746224 4.00 0.00 25.00 0.10
-12.669242 7.764362 4.00 0.00 35.00 0.10
-13.064751 4.543396 1.00 0.00 5.00 0.20
-13.057484 4.550156 1.00 0.00 15.00 0.20
-13.056598 4.550810 1.00 0.00 25.00 0.20
-13.056635 4.551480 1.00 0.00 35.00 0.20
-12.274010 5.769545 2.00 0.00 5.00 0.20
-12.234459 5.833846 2.00 0.00 15.00 0.20
-12.229147 5.841690 2.00 0.00 25.00 0.20
-12.227041 5.844874 2.00 0.00 35.00 0.20
-11.976499 6.331462 3.00 0.00 5.00 0.20
-11.880507 6.512072 3.00 0.00 15.00 0.20
-11.866129 6.536704 3.00 0.00 25.00 0.20
-11.860613 6.545901 3.00 0.00 35.00 0.20
-11.841828 6.593760 4.00 0.00 5.00 0.20
-11.670685 6.934712 4.00 0.00 15.00 0.20
-11.642581 6.987058 4.00 0.00 25.00 0.20
-11.631562 7.006058 4.00 0.00 35.00 0.20
-13.492555 8.160009 5.00 0.00 5.00 0.03
-13.313145 8.501733 5.00 0.00 15.00 0.03
-13.273969 8.576406 5.00 0.00 25.00 0.03
-13.257354 8.607809 5.00 0.00 35.00 0.03
-13.259500 7.931771 5.00 0.00 5.00 0.05
-13.071851 8.293667 5.00 0.00 15.00 0.05
-13.031853 8.370072 5.00 0.00 25.00 0.05
-13.014998 8.401846 5.00 0.00 35.00 0.05
-13.025521 7.727291 5.00 0.00 5.00 0.07
-12.829133 8.111597 5.00 0.00 15.00 0.07
-12.788195 8.189949 5.00 0.00 25.00 0.07
-12.771102 8.222204 5.00 0.00 35.00 0.07
-12.790203 7.557669 5.00 0.00 5.00 0.10
-12.584289 7.968733 5.00 0.00 15.00 0.10
-12.542422 8.050146 5.00 0.00 25.00 0.10
-12.524994 8.083198 5.00 0.00 35.00 0.10
-12.295664 7.119540 5.00 0.00 5.00 0.15
-12.068633 7.579401 5.00 0.00 15.00 0.15
-12.024558 7.665871 5.00 0.00 25.00 0.15
-12.006571 7.700109 5.00 0.00 35.00 0.15
-11.801530 6.761487 5.00 0.00 5.00 0.20
-11.546818 7.290507 5.00 0.00 15.00 0.20
-11.499599 7.384807 5.00 0.00 25.00 0.20
-11.480631 7.421217 5.00 0.00 35.00 0.20
-11.286568 6.335425 5.00 0.00 5.00 0.25
-11.003357 6.915884 5.00 0.00 15.00 0.25
-10.953341 7.014302 5.00 0.00 25.00 0.25
-10.933684 7.050933 5.00 0.00 35.00 0.25
-10.181704 5.505774 5.00 0.00 5.00 0.35
-9.818927 6.222938 5.00 0.00 15.00 0.35
-9.760443 6.336097 5.00 0.00 25.00 0.35
-9.738472 6.376417 5.00 0.00 35.00 0.35
-14.016648 7.205766 1.00 0.00 2.50 0.03
-14.006274 7.223275 1.00 0.00 7.50 0.03
-14.005165 7.225274 1.00 0.00 10.00 0.03
-14.003491 7.227099 1.00 0.00 20.00 0.03
-13.792118 7.620153 2.00 0.00 2.50 0.03
-13.737501 7.720444 2.00 0.00 7.50 0.03
-13.731424 7.729797 2.00 0.00 10.00 0.03
-13.722704 7.745327 2.00 0.00 20.00 0.03
-13.703854 7.780931 3.00 0.00 2.50 0.03
-13.578137 8.015907 3.00 0.00 7.50 0.03
-13.562697 8.042625 3.00 0.00 10.00 0.03
-13.540332 8.083909 3.00 0.00 20.00 0.03
-13.675861 7.829454 4.00 0.00 2.50 0.03
-13.473217 8.209343 4.00 0.00 7.50 0.03
-13.443892 8.265192 4.00 0.00 10.00 0.03
-13.400047 8.346272 4.00 0.00 20.00 0.03
-13.670030 7.839190 5.00 0.00 2.50 0.03
-13.406983 8.331729 5.00 0.00 7.50 0.03
-13.360324 8.421403 5.00 0.00 10.00 0.03
-13.287375 8.560832 5.00 0.00 20.00 0.03
-13.881434 6.769544 1.00 0.00 2.50 0.05
-13.869563 6.789935 1.00 0.00 7.50 0.05
-13.868423 6.791825 1.00 0.00 10.00 0.05
-13.866672 6.793043 1.00 0.00 20.00 0.05
-13.595325 7.308069 2.00 0.00 2.50 0.05
-13.533817 7.422503 2.00 0.00 7.50 0.05
-13.527217 7.433707 2.00 0.00 10.00 0.05
-13.518337 7.446836 2.00 0.00 20.00 0.05
-13.494010 7.496449 3.00 0.00 2.50 0.05
-13.355067 7.762518 3.00 0.00 7.50 0.05
-13.338648 7.792311 3.00 0.00 10.00 0.05
-13.315574 7.833385 3.00 0.00 20.00 0.05
-13.463262 7.551102 4.00 0.00 2.50 0.05
-13.242689 7.974827 4.00 0.00 7.50 0.05
-13.211932 8.033321 4.00 0.00 10.00 0.05
-13.166552 8.118496 4.00 0.00 20.00 0.05
-13.456997 7.561587 5.00 0.00 2.50 0.05
-13.173249 8.104623 5.00 0.00 7.50 0.05
-13.124674 8.198723 5.00 0.00 10.00 0.05
-13.049558 8.343647 5.00 0.00 20.00 0.05
-13.744616 6.375755 1.00 0.00 2.50 0.07
-13.731134 6.397938 1.00 0.00 7.50 0.07
-13.729876 6.399894 1.00 0.00 10.00 0.07
-13.728096 6.401005 1.00 0.00 20.00 0.07
-13.392752 7.034113 2.00 0.00 2.50 0.07
-13.323452 7.164361 2.00 0.00 7.50 0.07
-13.316422 7.176589 2.00 0.00 10.00 0.07
-13.307112 7.190738 2.00 0.00 20.00 0.07
-13.277064 7.253268 3.00 0.00 2.50 0.07
-13.123667 7.550955 3.00 0.00 7.50 0.07
-13.106329 7.582455 3.00 0.00 10.00 0.07
-13.082266 7.625690 3.00 0.00 20.00 0.07
-13.243353 7.314393 4.00 0.00 2.50 0.07
-13.003114 7.782562 4.00 0.00 7.50 0.07
-12.970844 7.844445 4.00 0.00 10.00 0.07
-12.923923 7.932630 4.00 0.00 20.00 0.07
-13.236587 7.325505 5.00 0.00 2.50 0.07
-12.930244 7.920621 5.00 0.00 7.50 0.07
-12.879616 8.019701 5.00 0.00 10.00 0.07
-12.802262 8.169223 5.00 0.00 20.00 0.07
-13.611062 6.001332 1.00 0.00 2.50 0.10
-13.596033 6.024939 1.00 0.00 7.50 0.10
-13.594769 6.026814 1.00 0.00 10.00 0.10
-13.592913 6.028383 1.00 0.00 20.00 0.10
-13.194054 6.767102 2.00 0.00 2.50 0.10
-13.117248 6.911285 2.00 0.00 7.50 0.10
-13.109924 6.924093 2.00 0.00 10.00 0.10
-13.100224 6.938798 2.00 0.00 20.00 0.10
-13.064030 7.015222 3.00 0.00 2.50 0.10
-12.896013 7.346416 3.00 0.00 7.50 0.10
-12.877663 7.381113 3.00 0.00 10.00 0.10
-12.852642 7.426293 3.00 0.00 20.00 0.10
-13.027292 7.082458 4.00 0.00 2.50 0.10
-12.766854 7.600945 4.00 0.00 7.50 0.10
-12.732887 7.667549 4.00 0.00 10.00 0.10
-12.684318 7.760647 4.00 0.00 20.00 0.10
-13.020066 7.094931 5.00 0.00 2.50 0.10
-12.690235 7.749635 5.00 0.00 7.50 0.10
-12.637341 7.855093 5.00 0.00 10.00 0.10
-12.557570 8.012194 5.00 0.00 20.00 0.10
-13.348537 5.224568 1.00 0.00 2.50 0.15
-13.330328 5.250479 1.00 0.00 7.50 0.15
-13.328968 5.252022 1.00 0.00 10.00 0.15
-13.326871 5.253563 1.00 0.00 20.00 0.15
-12.787942 6.168304 2.00 0.00 2.50 0.15
-12.693276 6.339114 2.00 0.00 7.50 0.15
-12.685019 6.352668 2.00 0.00 10.00 0.15
-12.674299 6.369790 2.00 0.00 20.00 0.15
-12.624720 6.472557 3.00 0.00 2.50 0.15
-12.422903 6.867430 3.00 0.00 7.50 0.15
-12.402386 6.906176 3.00 0.00 10.00 0.15
-12.375287 6.954682 3.00 0.00 20.00 0.15
-12.581132 6.551317 4.00 0.00 2.50 0.15
-12.274366 7.163855 4.00 0.00 7.50 0.15
-12.236655 7.238252 4.00 0.00 10.00 0.15
-12.184393 7.338956 4.00 0.00 20.00 0.15
-12.572818 6.565515 5.00 0.00 2.50 0.15
-12.189274 7.331110 5.00 0.00 7.50 0.15
-12.131218 7.448920 5.00 0.00 10.00 0.15
-12.045745 7.618818 5.00 0.00 20.00 0.15
-13.103447 4.563270 1.00 0.00 2.50 0.20
-13.081583 4.590923 1.00 0.00 7.50 0.20
-13.080121 4.592570 1.00 0.00 10.00 0.20
-13.077889 4.594105 1.00 0.00 20.00 0.20
-12.392052 5.668917 2.00 0.00 2.50 0.20
-12.278114 5.869618 2.00 0.00 7.50 0.20
-12.268787 5.885180 2.00 0.00 10.00 0.20
-12.257316 5.902421 2.00 0.00 20.00 0.20
-12.192161 6.032620 3.00 0.00 2.50 0.20
-11.951812 6.502088 3.00 0.00 7.50 0.20
-11.928675 6.545945 3.00 0.00 10.00 0.20
-11.899131 6.599282 3.00 0.00 20.00 0.20
-12.140690 6.125023 4.00 0.00 2.50 0.20
-11.780211 6.848879 4.00 0.00 7.50 0.20
-11.738159 6.933397 4.00 0.00 10.00 0.20
-11.681340 7.043590 4.00 0.00 20.00 0.20
-12.131143 6.141357 5.00 0.00 2.50 0.20
-11.685156 7.039995 5.00 0.00 7.50 0.20
-11.620929 7.172649 5.00 0.00 10.00 0.20
-11.528572 7.359446 5.00 0.00 20.00 0.20
-12.850223 3.863952 1.00 0.00 2.50 0.25
-12.824799 3.890438 1.00 0.00 7.50 0.25
-12.823158 3.891732 1.00 0.00 10.00 0.25
-12.820822 3.893478 1.00 0.00 20.00 0.25
-11.966766 5.053575 2.00 0.00 2.50 0.25
-11.830017 5.273505 2.00 0.00 7.50 0.25
-11.819528 5.289368 2.00 0.00 10.00 0.25
-11.806774 5.307720 2.00 0.00 20.00 0.25
-11.723786 5.459987 3.00 0.00 2.50 0.25
-11.437208 5.989803 3.00 0.00 7.50 0.25
-11.411079 6.037049 3.00 0.00 10.00 0.25
-11.378345 6.093845 3.00 0.00 20.00 0.25
-11.662960 5.563074 4.00 0.00 2.50 0.25
-11.237629 6.381221 4.00 0.00 7.50 0.25
-11.190155 6.474886 4.00 0.00 10.00 0.25
-11.127551 6.594197 4.00 0.00 20.00 0.25
-11.651938 5.581098 5.00 0.00 2.50 0.25
-11.130162 6.593747 5.00 0.00 7.50 0.25
-11.058247 6.740950 5.00 0.00 10.00 0.25
-10.957334 6.944074 5.00 0.00 20.00 0.25
-12.397414 2.717360 1.00 0.00 2.50 0.35
-12.363909 2.741130 1.00 0.00 7.50 0.35
-12.361885 2.742252 1.00 0.00 10.00 0.35
-12.359241 2.743952 1.00 0.00 20.00 0.35
-11.141841 3.948329 2.00 0.00 2.50 0.35
-10.951254 4.197208 2.00 0.00 7.50 0.35
-10.937706 4.214287 2.00 0.00 10.00 0.35
-10.922281 4.232635 2.00 0.00 20.00 0.35
-10.796758 4.421206 3.00 0.00 2.50 0.35
-10.396573 5.064446 3.00 0.00 7.50 0.35
-10.362537 5.120671 3.00 0.00 10.00 0.35
-10.322236 5.184503 3.00 0.00 20.00 0.35
-10.713340 4.542220 4.00 0.00 2.50 0.35
-10.127295 5.553740 4.00 0.00 7.50 0.35
-10.066280 5.668844 4.00 0.00 10.00 0.35
-9.989830 5.808613 4.00 0.00 20.00 0.35
-10.698777 4.562907 5.00 0.00 2.50 0.35
-9.989043 5.817688 5.00 0.00 7.50 0.35
-9.898096 5.999159 5.00 0.00 10.00 0.35
-9.776431 6.239840 5.00 0.00 20.00 0.35
