-14.166503 7.653841 1.00 0.00 5.00 0.00 1.00
-14.162213 7.660714 1.00 0.00 15.00 0.00 1.00
-14.161339 7.662208 1.00 0.00 25.00 0.00 1.00
-14.160961 7.662864 1.00 0.00 35.00 0.00 1.00
-13.971691 7.981641 2.00 0.00 5.00 0.00 1.00
-13.948670 8.021904 2.00 0.00 15.00 0.00 1.00
-13.944236 8.029507 2.00 0.00 25.00 0.00 1.00
-13.942345 8.032687 2.00 0.00 35.00 0.00 1.00
-13.848162 8.197834 3.00 0.00 5.00 0.00 1.00
-13.789738 8.302027 3.00 0.00 15.00 0.00 1.00
-13.778400 8.321825 3.00 0.00 25.00 0.00 1.00
-13.773625 8.330170 3.00 0.00 35.00 0.00 1.00
-13.774871 8.325530 4.00 0.00 5.00 0.00 1.00
-13.664491 8.527724 4.00 0.00 15.00 0.00 1.00
-13.641940 8.569016 4.00 0.00 25.00 0.00 1.00
-13.632376 8.586375 4.00 0.00 35.00 0.00 1.00
-14.124707 7.608140 1.00 0.00 5.00 1.00 1.00
-14.120432 7.615059 1.00 0.00 15.00 1.00 1.00
-14.119572 7.616457 1.00 0.00 25.00 1.00 1.00
-14.119187 7.617074 1.00 0.00 35.00 1.00 1.00
-13.929857 7.932253 2.00 0.00 5.00 1.00 1.00
-13.906829 7.972220 2.00 0.00 15.00 1.00 1.00
-13.902421 7.979909 2.00 0.00 25.00 1.00 1.00
-13.900544 7.983115 2.00 0.00 35.00 1.00 1.00
-13.806295 8.147202 3.00 0.00 5.00 1.00 1.00
-13.747810 8.252372 3.00 0.00 15.00 1.00 1.00
-13.736429 8.272947 3.00 0.00 25.00 1.00 1.00
-13.731616 8.281655 3.00 0.00 35.00 1.00 1.00
-13.732882 8.277010 4.00 0.00 5.00 1.00 1.00
-13.622305 8.480973 4.00 0.00 15.00 1.00 1.00
-13.599775 8.522279 4.00 0.00 25.00 1.00 1.00
-13.590207 8.539827 4.00 0.00 35.00 1.00 1.00
-14.081753 7.565488 1.00 0.00 5.00 2.00 1.00
-14.077462 7.572494 1.00 0.00 15.00 2.00 1.00
-14.076602 7.573892 1.00 0.00 25.00 2.00 1.00
-14.076217 7.574401 1.00 0.00 35.00 2.00 1.00
-13.887045 7.891458 2.00 0.00 5.00 2.00 1.00
-13.864017 7.931553 2.00 0.00 15.00 2.00 1.00
-13.859590 7.939039 2.00 0.00 25.00 2.00 1.00
-13.857691 7.942400 2.00 0.00 35.00 2.00 1.00
-13.763467 8.107127 3.00 0.00 5.00 2.00 1.00
-13.704900 8.213244 3.00 0.00 15.00 2.00 1.00
-13.693515 8.233686 3.00 0.00 25.00 2.00 1.00
-13.688716 8.242322 3.00 0.00 35.00 2.00 1.00
-13.689964 8.237576 4.00 0.00 5.00 2.00 1.00
-13.579515 8.441097 4.00 0.00 15.00 2.00 1.00
-13.556989 8.482495 4.00 0.00 25.00 2.00 1.00
-13.547403 8.499975 4.00 0.00 35.00 2.00 1.00
-14.159662 7.598598 1.00 0.00 5.00 0.00 5.00
-14.155470 7.604588 1.00 0.00 15.00 0.00 5.00
-14.154612 7.605903 1.00 0.00 25.00 0.00 5.00
-14.154211 7.606456 1.00 0.00 35.00 0.00 5.00
-13.962369 7.931056 2.00 0.00 5.00 0.00 5.00
-13.939284 7.971226 2.00 0.00 15.00 0.00 5.00
-13.934839 7.978943 2.00 0.00 25.00 0.00 5.00
-13.932980 7.982134 2.00 0.00 35.00 0.00 5.00
-13.838239 8.146712 3.00 0.00 5.00 0.00 5.00
-13.779698 8.251205 3.00 0.00 15.00 0.00 5.00
-13.768359 8.271286 3.00 0.00 25.00 0.00 5.00
-13.763515 8.279941 3.00 0.00 35.00 0.00 5.00
-13.764741 8.275407 4.00 0.00 5.00 0.00 5.00
-13.654023 8.478498 4.00 0.00 15.00 0.00 5.00
-13.631451 8.519667 4.00 0.00 25.00 0.00 5.00
-13.621881 8.537054 4.00 0.00 35.00 0.00 5.00
-14.128566 7.314338 1.00 0.00 5.00 0.00 15.00
-14.124249 7.321186 1.00 0.00 15.00 0.00 15.00
-14.123407 7.322487 1.00 0.00 25.00 0.00 15.00
-14.123038 7.322948 1.00 0.00 35.00 0.00 15.00
-13.908875 7.703897 2.00 0.00 5.00 0.00 15.00
-13.885267 7.744573 2.00 0.00 15.00 0.00 15.00
-13.880795 7.752068 2.00 0.00 25.00 0.00 15.00
-13.878914 7.755425 2.00 0.00 35.00 0.00 15.00
-13.778831 7.935256 3.00 0.00 5.00 0.00 15.00
-13.719022 8.042528 3.00 0.00 15.00 0.00 15.00
-13.707545 8.062503 3.00 0.00 25.00 0.00 15.00
-13.702745 8.070886 3.00 0.00 35.00 0.00 15.00
-13.703231 8.068910 4.00 0.00 5.00 0.00 15.00
-13.590538 8.276255 4.00 0.00 15.00 0.00 15.00
-13.567768 8.317631 4.00 0.00 25.00 0.00 15.00
-13.558206 8.334953 4.00 0.00 35.00 0.00 15.00
-14.059388 6.870122 1.00 0.00 5.00 0.00 25.00
-14.054858 6.877385 1.00 0.00 15.00 0.00 25.00
-14.054015 6.878703 1.00 0.00 25.00 0.00 25.00
-14.053644 6.879118 1.00 0.00 35.00 0.00 25.00
-13.796409 7.363447 2.00 0.00 5.00 0.00 25.00
-13.771553 7.406602 2.00 0.00 15.00 0.00 25.00
-13.767038 7.414011 2.00 0.00 25.00 0.00 25.00
-13.765158 7.417177 2.00 0.00 35.00 0.00 25.00
-13.654575 7.624593 3.00 0.00 5.00 0.00 25.00
-13.592254 7.737385 3.00 0.00 15.00 0.00 25.00
-13.580606 7.757757 3.00 0.00 25.00 0.00 25.00
-13.575700 7.766244 3.00 0.00 35.00 0.00 25.00
-13.574950 7.768324 4.00 0.00 5.00 0.00 25.00
-13.458288 7.984534 4.00 0.00 15.00 0.00 25.00
-13.435139 8.026552 4.00 0.00 25.00 0.00 25.00
-13.425418 8.044072 4.00 0.00 35.00 0.00 25.00
-13.959747 6.360233 1.00 0.00 5.00 0.00 35.00
-13.954895 6.367540 1.00 0.00 15.00 0.00 35.00
-13.954044 6.368816 1.00 0.00 25.00 0.00 35.00
-13.953702 6.369256 1.00 0.00 35.00 0.00 35.00
-13.635664 6.981411 2.00 0.00 5.00 0.00 35.00
-13.609175 7.027466 2.00 0.00 15.00 0.00 35.00
-13.604548 7.034829 2.00 0.00 25.00 0.00 35.00
-13.602592 7.037879 2.00 0.00 35.00 0.00 35.00
-13.476887 7.281967 3.00 0.00 5.00 0.00 35.00
-13.410845 7.402390 3.00 0.00 15.00 0.00 35.00
-13.398825 7.423131 3.00 0.00 25.00 0.00 35.00
-13.393850 7.431379 3.00 0.00 35.00 0.00 35.00
-13.391302 7.439636 4.00 0.00 5.00 0.00 35.00
-13.268688 7.669108 4.00 0.00 15.00 0.00 35.00
-13.244921 7.712193 4.00 0.00 25.00 0.00 35.00
-13.235038 7.729475 4.00 0.00 35.00 0.00 35.00
-14.165031 7.642532 1.00 0.00 5.00 0.00 2.50
-14.160737 7.649414 1.00 0.00 15.00 0.00 2.50
-14.159882 7.650829 1.00 0.00 25.00 0.00 2.50
-14.159502 7.651514 1.00 0.00 35.00 0.00 2.50
-13.970049 7.967563 2.00 0.00 5.00 0.00 2.50
-13.947007 8.007371 2.00 0.00 15.00 0.00 2.50
-13.942547 8.015055 2.00 0.00 25.00 0.00 2.50
-13.940695 8.018200 2.00 0.00 35.00 0.00 2.50
-13.846457 8.181605 3.00 0.00 5.00 0.00 2.50
-13.787999 8.286601 3.00 0.00 15.00 0.00 2.50
-13.776614 8.307095 3.00 0.00 25.00 0.00 2.50
-13.771787 8.315785 3.00 0.00 35.00 0.00 2.50
-13.773033 8.310990 4.00 0.00 5.00 0.00 2.50
-13.662471 8.514704 4.00 0.00 15.00 0.00 2.50
-13.639955 8.555918 4.00 0.00 25.00 0.00 2.50
-13.630399 8.573178 4.00 0.00 35.00 0.00 2.50
-14.155442 7.560342 1.00 0.00 5.00 0.00 7.50
-14.151162 7.567150 1.00 0.00 15.00 0.00 7.50
-14.150315 7.568501 1.00 0.00 25.00 0.00 7.50
-14.149919 7.569188 1.00 0.00 35.00 0.00 7.50
-13.955421 7.899412 2.00 0.00 5.00 0.00 7.50
-13.932285 7.939479 2.00 0.00 15.00 0.00 7.50
-13.927837 7.947068 2.00 0.00 25.00 0.00 7.50
-13.925983 7.950348 2.00 0.00 35.00 0.00 7.50
-13.830579 8.117658 3.00 0.00 5.00 0.00 7.50
-13.771904 8.222660 3.00 0.00 15.00 0.00 7.50
-13.760509 8.242895 3.00 0.00 25.00 0.00 7.50
-13.755691 8.251214 3.00 0.00 35.00 0.00 7.50
-13.756835 8.247287 4.00 0.00 5.00 0.00 7.50
-13.645954 8.451210 4.00 0.00 15.00 0.00 7.50
-13.623344 8.492642 4.00 0.00 25.00 0.00 7.50
-13.613778 8.510109 4.00 0.00 35.00 0.00 7.50
-14.147099 7.478692 1.00 0.00 5.00 0.00 10.00
-14.142837 7.485583 1.00 0.00 15.00 0.00 10.00
-14.142008 7.486864 1.00 0.00 25.00 0.00 10.00
-14.141635 7.487430 1.00 0.00 35.00 0.00 10.00
-13.941370 7.834484 2.00 0.00 5.00 0.00 10.00
-13.918088 7.875139 2.00 0.00 15.00 0.00 10.00
-13.913671 7.882753 2.00 0.00 25.00 0.00 10.00
-13.911779 7.885887 2.00 0.00 35.00 0.00 10.00
-13.815019 8.057311 3.00 0.00 5.00 0.00 10.00
-13.756029 8.163319 3.00 0.00 15.00 0.00 10.00
-13.744610 8.183715 3.00 0.00 25.00 0.00 10.00
-13.739799 8.192111 3.00 0.00 35.00 0.00 10.00
-13.740745 8.188813 4.00 0.00 5.00 0.00 10.00
-13.629412 8.393950 4.00 0.00 15.00 0.00 10.00
-13.606707 8.435919 4.00 0.00 25.00 0.00 10.00
-13.597138 8.453425 4.00 0.00 35.00 0.00 10.00
-14.098254 7.102505 1.00 0.00 5.00 0.00 20.00
-14.093811 7.109514 1.00 0.00 15.00 0.00 20.00
-14.092979 7.110696 1.00 0.00 25.00 0.00 20.00
-14.092625 7.111181 1.00 0.00 35.00 0.00 20.00
-13.859335 7.539228 2.00 0.00 5.00 0.00 20.00
-13.835166 7.581255 2.00 0.00 15.00 0.00 20.00
-13.830667 7.588886 2.00 0.00 25.00 0.00 20.00
-13.828799 7.592106 2.00 0.00 35.00 0.00 20.00
-13.724021 7.784024 3.00 0.00 5.00 0.00 20.00
-13.663044 7.893885 3.00 0.00 15.00 0.00 20.00
-13.651517 7.914143 3.00 0.00 25.00 0.00 20.00
-13.646656 7.922550 3.00 0.00 35.00 0.00 20.00
-13.646651 7.922313 4.00 0.00 5.00 0.00 20.00
-13.532114 8.134775 4.00 0.00 15.00 0.00 20.00
-13.509202 8.176203 4.00 0.00 25.00 0.00 20.00
-13.499537 8.193506 4.00 0.00 35.00 0.00 20.00
