-14.076764 7.439043 1.00 5.00
-13.826393 7.932674 2.00 5.00
-13.642152 8.280186 3.00 5.00
-13.485888 8.574384 4.00 5.00
-13.935163 7.076211 1.00 15.00
-13.631765 7.776883 2.00 15.00
-13.431553 8.192905 3.00 15.00
-13.268391 8.517267 4.00 15.00
-13.779062 6.743379 1.00 25.00
-13.425362 7.626813 2.00 25.00
-13.210127 8.103857 3.00 25.00
-13.040321 8.457343 4.00 25.00
-13.600211 6.477144 1.00 35.00
-13.202794 7.501770 2.00 35.00
-12.974340 8.029736 3.00 35.00
-12.798583 8.407302 4.00 35.00
-14.115827 7.562021 1.00 2.50
-13.882694 7.981340 2.00 2.50
-13.703133 8.309868 3.00 2.50
-13.549120 8.591891 4.00 2.50
-14.050392 7.370278 1.00 7.50
-13.788950 7.911389 2.00 7.50
-13.601307 8.274827 3.00 7.50
-13.443604 8.576493 4.00 7.50
-14.010224 7.243029 1.00 10.00
-13.733079 7.845453 2.00 10.00
-13.540867 8.228349 3.00 10.00
-13.381273 8.537785 4.00 10.00
-13.858747 6.907294 1.00 20.00
-13.529449 7.706641 2.00 20.00
-13.321741 8.155772 3.00 20.00
-13.155321 8.495267 4.00 20.00
-13.410545 8.855008 5.00 2.50
-13.346584 8.845506 5.00 5.00
-13.301899 8.831922 5.00 7.50
-13.238003 8.815214 5.00 10.00
-13.126476 8.798668 5.00 15.00
-13.014609 8.786819 5.00 20.00
-12.891544 8.786709 5.00 25.00
-12.650321 8.714560 5.00 35.00
