-14.277575 7.575320 1.00 0.50 0.00 1.00
-14.326688 7.510418 1.00 0.70 0.00 1.00
-14.380682 7.427979 1.00 1.00 0.00 1.00
-14.414831 7.370389 1.00 1.30 0.00 1.00
-14.429966 7.342603 1.00 1.50 0.00 1.00
-14.441004 7.321464 1.00 1.70 0.00 1.00
-14.452520 7.297658 1.00 2.00 0.00 1.00
-14.153348 7.863445 2.00 0.50 0.00 1.00
-14.236856 7.731684 2.00 0.70 0.00 1.00
-14.331639 7.560573 2.00 1.00 0.00 1.00
-14.390417 7.442186 2.00 1.30 0.00 1.00
-14.415000 7.389256 2.00 1.50 0.00 1.00
-14.432058 7.351961 2.00 1.70 0.00 1.00
-14.447901 7.313361 2.00 2.00 0.00 1.00
-14.054950 8.113640 3.00 0.50 0.00 1.00
-14.166040 7.921181 3.00 0.70 0.00 1.00
-14.294836 7.661275 3.00 1.00 0.00 1.00
-14.375147 7.485144 3.00 1.30 0.00 1.00
-14.407915 7.408606 3.00 1.50 0.00 1.00
-14.429748 7.357507 3.00 1.70 0.00 1.00
-14.449054 7.306774 3.00 2.00 0.00 1.00
-13.969456 8.343400 4.00 0.50 0.00 1.00
-14.104179 8.099968 4.00 0.70 0.00 1.00
-14.261344 7.765296 4.00 1.00 0.00 1.00
-14.360517 7.533247 4.00 1.30 0.00 1.00
-14.400702 7.434536 4.00 1.50 0.00 1.00
-14.426683 7.367626 4.00 1.70 0.00 1.00
-14.449293 7.307673 4.00 2.00 0.00 1.00
-14.235252 7.527882 1.00 0.50 1.00 1.00
-14.284367 7.462102 1.00 0.70 1.00 1.00
-14.338376 7.380480 1.00 1.00 1.00 1.00
-14.372592 7.322741 1.00 1.30 1.00 1.00
-14.387795 7.295325 1.00 1.50 1.00 1.00
-14.398829 7.275472 1.00 1.70 1.00 1.00
-14.410414 7.252054 1.00 2.00 1.00 1.00
-14.110571 7.818861 2.00 0.50 1.00 1.00
-14.193973 7.687630 2.00 0.70 1.00 1.00
-14.288970 7.517386 2.00 1.00 1.00 1.00
-14.348006 7.399168 2.00 1.30 1.00 1.00
-14.372972 7.341813 2.00 1.50 1.00 1.00
-14.389973 7.304613 2.00 1.70 1.00 1.00
-14.405859 7.265535 2.00 2.00 1.00 1.00
-14.012182 8.065483 3.00 0.50 1.00 1.00
-14.123175 7.873307 3.00 0.70 1.00 1.00
-14.251954 7.616152 3.00 1.00 1.00 1.00
-14.332627 7.441022 3.00 1.30 1.00 1.00
-14.365517 7.365228 3.00 1.50 1.00 1.00
-14.387599 7.308803 3.00 1.70 1.00 1.00
-14.407018 7.258802 3.00 2.00 1.00 1.00
-13.926624 8.293986 4.00 0.50 1.00 1.00
-14.061233 8.050992 4.00 0.70 1.00 1.00
-14.218493 7.717070 4.00 1.00 1.00 1.00
-14.317849 7.488111 4.00 1.30 1.00 1.00
-14.358267 7.390523 4.00 1.50 1.00 1.00
-14.384705 7.320028 4.00 1.70 1.00 1.00
-14.407253 7.259826 4.00 2.00 1.00 1.00
-14.191665 7.488626 1.00 0.50 2.00 1.00
-14.240819 7.423107 1.00 0.70 2.00 1.00
-14.294880 7.341570 1.00 1.00 2.00 1.00
-14.329251 7.283693 1.00 1.30 2.00 1.00
-14.344466 7.256408 1.00 1.50 2.00 1.00
-14.355453 7.235292 1.00 1.70 2.00 1.00
-14.366940 7.211788 1.00 2.00 2.00 1.00
-14.067388 7.777747 2.00 0.50 2.00 1.00
-14.150843 7.645289 2.00 0.70 2.00 1.00
-14.245753 7.473755 2.00 1.00 2.00 1.00
-14.305037 7.354927 2.00 1.30 2.00 1.00
-14.329720 7.302260 2.00 1.50 2.00 1.00
-14.346633 7.263989 2.00 1.70 2.00 1.00
-14.362463 7.225272 2.00 2.00 2.00 1.00
-13.969071 8.024826 3.00 0.50 2.00 1.00
-14.080014 7.832225 3.00 0.70 2.00 1.00
-14.208850 7.574223 3.00 1.00 2.00 1.00
-14.289593 7.397959 3.00 1.30 2.00 1.00
-14.322557 7.322172 3.00 1.50 2.00 1.00
-14.344248 7.269180 3.00 1.70 2.00 1.00
-14.363639 7.219116 3.00 2.00 2.00 1.00
-13.883391 8.256477 4.00 0.50 2.00 1.00
-14.017808 8.012359 4.00 0.70 2.00 1.00
-14.175182 7.676326 4.00 1.00 2.00 1.00
-14.274853 7.446033 4.00 1.30 2.00 1.00
-14.315280 7.347828 4.00 1.50 2.00 1.00
-14.341340 7.280933 4.00 1.70 2.00 1.00
-14.363900 7.219905 4.00 2.00 2.00 1.00
-14.264497 7.542017 1.00 0.50 0.00 5.00
-14.314706 7.479099 1.00 0.70 0.00 5.00
-14.373168 7.392397 1.00 1.00 0.00 5.00
-14.412095 7.326007 1.00 1.30 0.00 5.00
-14.430132 7.293793 1.00 1.50 0.00 5.00
-14.443523 7.267009 1.00 1.70 0.00 5.00
-14.457785 7.237380 1.00 2.00 0.00 5.00
-14.134303 7.839636 2.00 0.50 0.00 5.00
-14.219685 7.709338 2.00 0.70 0.00 5.00
-14.321325 7.528475 2.00 1.00 0.00 5.00
-14.388193 7.394865 2.00 1.30 0.00 5.00
-14.417438 7.330796 2.00 1.50 0.00 5.00
-14.437906 7.282735 2.00 1.70 0.00 5.00
-14.457850 7.232587 2.00 2.00 0.00 5.00
-14.031999 8.091396 3.00 0.50 0.00 5.00
-14.145222 7.901658 3.00 0.70 0.00 5.00
-14.282219 7.632728 3.00 1.00 0.00 5.00
-14.372516 7.437655 3.00 1.30 0.00 5.00
-14.411123 7.347122 3.00 1.50 0.00 5.00
-14.437199 7.282109 3.00 1.70 0.00 5.00
-14.461459 7.218308 3.00 2.00 0.00 5.00
-13.943110 8.320420 4.00 0.50 0.00 5.00
-14.080428 8.079527 4.00 0.70 0.00 5.00
-14.247137 7.734585 4.00 1.00 0.00 5.00
-14.357696 7.483780 4.00 1.30 0.00 5.00
-14.404284 7.370278 4.00 1.50 0.00 5.00
-14.435348 7.290053 4.00 1.70 0.00 5.00
-14.463174 7.214219 4.00 2.00 0.00 5.00
-14.268120 7.326991 1.00 0.50 0.00 15.00
-14.340024 7.245148 1.00 0.70 0.00 15.00
-14.430965 7.106003 1.00 1.00 0.00 15.00
-14.496952 6.983724 1.00 1.30 0.00 15.00
-14.527505 6.915928 1.00 1.50 0.00 15.00
-14.551393 6.862775 1.00 1.70 0.00 15.00
-14.578462 6.792680 1.00 2.00 0.00 15.00
-14.117815 7.665916 2.00 0.50 0.00 15.00
-14.231853 7.494894 2.00 0.70 0.00 15.00
-14.381323 7.208666 2.00 1.00 0.00 15.00
-14.489469 6.965950 2.00 1.30 0.00 15.00
-14.539329 6.842557 2.00 1.50 0.00 15.00
-14.575850 6.749630 2.00 1.70 0.00 15.00
-14.612292 6.647949 2.00 2.00 0.00 15.00
-14.005764 7.923734 3.00 0.50 0.00 15.00
-14.150878 7.686447 3.00 0.70 0.00 15.00
-14.342730 7.293195 3.00 1.00 0.00 15.00
-14.481965 6.965261 3.00 1.30 0.00 15.00
-14.545442 6.804107 3.00 1.50 0.00 15.00
-14.590437 6.687661 3.00 1.70 0.00 15.00
-14.633445 6.565733 3.00 2.00 0.00 15.00
-13.910225 8.149106 4.00 0.50 0.00 15.00
-14.081181 7.856172 4.00 0.70 0.00 15.00
-14.307703 7.376424 4.00 1.00 0.00 15.00
-14.471872 6.982236 4.00 1.30 0.00 15.00
-14.546164 6.792267 4.00 1.50 0.00 15.00
-14.597704 6.657730 4.00 1.70 0.00 15.00
-14.645559 6.521968 4.00 2.00 0.00 15.00
-14.312261 6.931790 1.00 0.50 0.00 25.00
-14.433743 6.796362 1.00 0.70 0.00 25.00
-14.584247 6.554004 1.00 1.00 0.00 25.00
-14.691528 6.347512 1.00 1.30 0.00 25.00
-14.741214 6.234376 1.00 1.50 0.00 25.00
-14.778842 6.141675 1.00 1.70 0.00 25.00
-14.821532 6.028107 1.00 2.00 0.00 25.00
-14.138990 7.320325 2.00 0.50 0.00 25.00
-14.318069 7.039832 2.00 0.70 0.00 25.00
-14.553958 6.566003 2.00 1.00 0.00 25.00
-14.721389 6.180278 2.00 1.30 0.00 25.00
-14.797254 5.993798 2.00 1.50 0.00 25.00
-14.851904 5.850293 2.00 1.70 0.00 25.00
-14.906421 5.698467 2.00 2.00 0.00 25.00
-14.020559 7.578666 3.00 0.50 0.00 25.00
-14.236224 7.207219 3.00 0.70 0.00 25.00
-14.525024 6.592845 3.00 1.00 0.00 25.00
-14.733281 6.099607 3.00 1.30 0.00 25.00
-14.826609 5.867718 3.00 1.50 0.00 25.00
-14.891477 5.703891 3.00 1.70 0.00 25.00
-14.952573 5.535628 3.00 2.00 0.00 25.00
-13.922206 7.791624 4.00 0.50 0.00 25.00
-14.166867 7.349599 4.00 0.70 0.00 25.00
-14.495877 6.634846 4.00 1.00 0.00 25.00
-14.734372 6.064309 4.00 1.30 0.00 25.00
-14.840415 5.806213 4.00 1.50 0.00 25.00
-14.912961 5.626586 4.00 1.70 0.00 25.00
-14.978276 5.449833 4.00 2.00 0.00 25.00
-14.400005 6.404685 1.00 0.50 0.00 35.00
-14.591903 6.196228 1.00 0.70 0.00 35.00
-14.816672 5.851450 1.00 1.00 0.00 35.00
-14.968629 5.575935 1.00 1.30 0.00 35.00
-15.038360 5.432321 1.00 1.50 0.00 35.00
-15.090362 5.311606 1.00 1.70 0.00 35.00
-15.148018 5.169897 1.00 2.00 0.00 35.00
-14.204721 6.827104 2.00 0.50 0.00 35.00
-14.477001 6.401606 2.00 0.70 0.00 35.00
-14.817760 5.751478 2.00 1.00 0.00 35.00
-15.044353 5.271911 2.00 1.30 0.00 35.00
-15.143677 5.051214 2.00 1.50 0.00 35.00
-15.214544 4.890113 2.00 1.70 0.00 35.00
-15.284013 4.714892 2.00 2.00 0.00 35.00
-14.083790 7.066046 3.00 0.50 0.00 35.00
-14.399924 6.521430 3.00 0.70 0.00 35.00
-14.804176 5.707062 3.00 1.00 0.00 35.00
-15.078465 5.119671 3.00 1.30 0.00 35.00
-15.196958 4.868851 3.00 1.50 0.00 35.00
-15.277477 4.689450 3.00 1.70 0.00 35.00
-15.351139 4.512920 3.00 2.00 0.00 35.00
-13.985831 7.255029 4.00 0.50 0.00 35.00
-14.335061 6.626708 4.00 0.70 0.00 35.00
-14.784223 5.705209 4.00 1.00 0.00 35.00
-15.092543 5.047248 4.00 1.30 0.00 35.00
-15.224597 4.772021 4.00 1.50 0.00 35.00
-15.312134 4.586811 4.00 1.70 0.00 35.00
-15.389002 4.409932 4.00 2.00 0.00 35.00
-14.273891 7.569133 1.00 0.50 0.00 2.50
-14.322995 7.504013 1.00 0.70 0.00 2.50
-14.377838 7.422350 1.00 1.00 0.00 2.50
-14.412698 7.363850 1.00 1.30 0.00 2.50
-14.428433 7.335936 1.00 1.50 0.00 2.50
-14.439761 7.314745 1.00 1.70 0.00 2.50
-14.451708 7.290444 1.00 2.00 0.00 2.50
-14.148428 7.862603 2.00 0.50 0.00 2.50
-14.232007 7.732119 2.00 0.70 0.00 2.50
-14.328320 7.557594 2.00 1.00 0.00 2.50
-14.388494 7.437911 2.00 1.30 0.00 2.50
-14.413823 7.382961 2.00 1.50 0.00 2.50
-14.431396 7.343484 2.00 1.70 0.00 2.50
-14.447832 7.303029 2.00 2.00 0.00 2.50
-14.049187 8.109313 3.00 0.50 0.00 2.50
-14.160520 7.919028 3.00 0.70 0.00 2.50
-14.290783 7.658058 3.00 1.00 0.00 2.50
-14.372846 7.480277 3.00 1.30 0.00 2.50
-14.406696 7.403440 3.00 1.50 0.00 2.50
-14.429148 7.347648 3.00 1.70 0.00 2.50
-14.449275 7.295593 3.00 2.00 0.00 2.50
-13.963018 8.338003 4.00 0.50 0.00 2.50
-14.097953 8.097978 4.00 0.70 0.00 2.50
-14.256841 7.760640 4.00 1.00 0.00 2.50
-14.358028 7.528185 4.00 1.30 0.00 2.50
-14.399544 7.428781 4.00 1.50 0.00 2.50
-14.426406 7.359884 4.00 1.70 0.00 2.50
-14.449778 7.295750 4.00 2.00 0.00 2.50
-14.261007 7.518300 1.00 0.50 0.00 7.50
-14.313334 7.453833 1.00 0.70 0.00 7.50
-14.375619 7.363042 1.00 1.00 0.00 7.50
-14.418426 7.289693 1.00 1.30 0.00 7.50
-14.438413 7.251665 1.00 1.50 0.00 7.50
-14.453669 7.221617 1.00 1.70 0.00 7.50
-14.469957 7.186249 1.00 2.00 0.00 7.50
-14.127407 7.822623 2.00 0.50 0.00 7.50
-14.215399 7.690265 2.00 0.70 0.00 7.50
-14.323213 7.498245 2.00 1.00 0.00 7.50
-14.395884 7.349165 2.00 1.30 0.00 7.50
-14.428562 7.276068 2.00 1.50 0.00 7.50
-14.451670 7.221233 2.00 1.70 0.00 7.50
-14.474518 7.160948 2.00 2.00 0.00 7.50
-14.022433 8.074052 3.00 0.50 0.00 7.50
-14.139100 7.882590 3.00 0.70 0.00 7.50
-14.283137 7.601223 3.00 1.00 0.00 7.50
-14.380847 7.388977 3.00 1.30 0.00 7.50
-14.423410 7.286776 3.00 1.50 0.00 7.50
-14.452842 7.213346 3.00 1.70 0.00 7.50
-14.480393 7.137142 3.00 2.00 0.00 7.50
-13.931947 8.302569 4.00 0.50 0.00 7.50
-14.072885 8.060612 4.00 0.70 0.00 7.50
-14.247458 7.701019 4.00 1.00 0.00 7.50
-14.366137 7.431082 4.00 1.30 0.00 7.50
-14.417402 7.306268 4.00 1.50 0.00 7.50
-14.452025 7.216777 4.00 1.70 0.00 7.50
-14.483371 7.128212 4.00 2.00 0.00 7.50
-14.259558 7.456174 1.00 0.50 0.00 10.00
-14.316924 7.388986 1.00 0.70 0.00 10.00
-14.387888 7.284738 1.00 1.00 0.00 10.00
-14.437937 7.196310 1.00 1.30 0.00 10.00
-14.461164 7.147576 1.00 1.50 0.00 10.00
-14.479387 7.110278 1.00 1.70 0.00 10.00
-14.499254 7.063417 1.00 2.00 0.00 10.00
-14.120113 7.772027 2.00 0.50 0.00 10.00
-14.215206 7.631707 2.00 0.70 0.00 10.00
-14.335287 7.410575 2.00 1.00 0.00 10.00
-14.419477 7.232170 2.00 1.30 0.00 10.00
-14.457658 7.141984 2.00 1.50 0.00 10.00
-14.485468 7.072762 2.00 1.70 0.00 10.00
-14.513283 7.000083 2.00 2.00 0.00 10.00
-14.012396 8.031051 3.00 0.50 0.00 10.00
-14.136774 7.827892 3.00 0.70 0.00 10.00
-14.295105 7.512152 3.00 1.00 0.00 10.00
-14.406096 7.262261 3.00 1.30 0.00 10.00
-14.455879 7.139302 3.00 1.50 0.00 10.00
-14.490615 7.049401 3.00 1.70 0.00 10.00
-14.523816 6.959273 3.00 2.00 0.00 10.00
-13.919738 8.257961 4.00 0.50 0.00 10.00
-14.069052 8.004642 4.00 0.70 0.00 10.00
-14.259265 7.609822 4.00 1.00 0.00 10.00
-14.392660 7.298992 4.00 1.30 0.00 10.00
-14.451801 7.150271 4.00 1.50 0.00 10.00
-14.492204 7.043507 4.00 1.70 0.00 10.00
-14.529742 6.939898 4.00 2.00 0.00 10.00
-14.283950 7.147963 1.00 0.50 0.00 20.00
-14.377250 7.045035 1.00 0.70 0.00 20.00
-14.495231 6.858732 1.00 1.00 0.00 20.00
-14.580812 6.694363 1.00 1.30 0.00 20.00
-14.620247 6.603786 1.00 1.50 0.00 20.00
-14.650852 6.528115 1.00 1.70 0.00 20.00
-14.685482 6.435843 1.00 2.00 0.00 20.00
-14.122296 7.512684 2.00 0.50 0.00 20.00
-14.264804 7.294766 2.00 0.70 0.00 20.00
-14.453638 6.919892 2.00 1.00 0.00 20.00
-14.590240 6.602684 2.00 1.30 0.00 20.00
-14.653108 6.445868 2.00 1.50 0.00 20.00
-14.698839 6.326191 2.00 1.70 0.00 20.00
-14.744717 6.194818 2.00 2.00 0.00 20.00
-14.006532 7.772551 3.00 0.50 0.00 20.00
-14.182220 7.477345 3.00 0.70 0.00 20.00
-14.418489 6.979134 3.00 1.00 0.00 20.00
-14.591085 6.563740 3.00 1.30 0.00 20.00
-14.669888 6.366383 3.00 1.50 0.00 20.00
-14.725368 6.219597 3.00 1.70 0.00 20.00
-14.777741 6.070571 3.00 2.00 0.00 20.00
-13.909155 7.992060 4.00 0.50 0.00 20.00
-14.111995 7.636660 4.00 0.70 0.00 20.00
-14.385517 7.044191 4.00 1.00 0.00 20.00
-14.585862 6.558448 4.00 1.30 0.00 20.00
-14.676565 6.330255 4.00 1.50 0.00 20.00
-14.739182 6.165258 4.00 1.70 0.00 20.00
-14.796469 6.005821 4.00 2.00 0.00 20.00
