-14.038832 7.349531 1.00 0.50 5.00
-14.088099 7.285529 1.00 0.70 5.00
-14.143324 7.202556 1.00 1.00 5.00
-14.179019 7.143560 1.00 1.30 5.00
-14.194961 7.115099 1.00 1.50 5.00
-14.206367 7.092691 1.00 1.70 5.00
-14.218571 7.067665 1.00 2.00 5.00
-13.912540 7.640762 2.00 0.50 5.00
-13.996133 7.509517 2.00 0.70 5.00
-14.092912 7.338277 2.00 1.00 5.00
-14.154021 7.216477 2.00 1.30 5.00
-14.179874 7.159192 2.00 1.50 5.00
-14.197379 7.119689 2.00 1.70 5.00
-14.214286 7.078314 2.00 2.00 5.00
-13.812859 7.890609 3.00 0.50 5.00
-13.923910 7.698042 3.00 0.70 5.00
-14.054751 7.437853 3.00 1.00 5.00
-14.138106 7.260105 3.00 1.30 5.00
-14.172333 7.180297 3.00 1.50 5.00
-14.195234 7.123364 3.00 1.70 5.00
-14.215549 7.070095 3.00 2.00 5.00
-13.726580 8.117997 4.00 0.50 5.00
-13.861071 7.875031 4.00 0.70 5.00
-14.020458 7.539249 4.00 1.00 5.00
-14.122909 7.305377 4.00 1.30 5.00
-14.164925 7.206268 4.00 1.50 5.00
-14.192369 7.134172 4.00 1.70 5.00
-14.216043 7.069957 4.00 2.00 5.00
-13.615576 7.019042 1.00 0.50 15.00
-13.665258 6.951751 1.00 0.70 15.00
-13.722272 6.864418 1.00 1.00 15.00
-13.760070 6.801203 1.00 1.30 15.00
-13.777248 6.769824 1.00 1.50 15.00
-13.789770 6.746070 1.00 1.70 15.00
-13.803102 6.719499 1.00 2.00 15.00
-13.487343 7.318262 2.00 0.50 15.00
-13.571460 7.182059 2.00 0.70 15.00
-13.670810 7.001359 2.00 1.00 15.00
-13.735426 6.869958 2.00 1.30 15.00
-13.762975 6.811297 2.00 1.50 15.00
-13.782139 6.768570 2.00 1.70 15.00
-13.800676 6.724139 2.00 2.00 15.00
-13.385952 7.567111 3.00 0.50 15.00
-13.497826 7.370538 3.00 0.70 15.00
-13.631662 7.103747 3.00 1.00 15.00
-13.719131 6.913177 3.00 1.30 15.00
-13.755777 6.829748 3.00 1.50 15.00
-13.780318 6.771144 3.00 1.70 15.00
-13.802988 6.714104 3.00 2.00 15.00
-13.298692 7.796521 4.00 0.50 15.00
-13.434164 7.548505 4.00 0.70 15.00
-13.596752 7.204284 4.00 1.00 15.00
-13.703716 6.962961 4.00 1.30 15.00
-13.748549 6.854074 4.00 1.50 15.00
-13.777936 6.781301 4.00 1.70 15.00
-13.804143 6.712541 4.00 2.00 15.00
-13.193356 6.825316 1.00 0.50 25.00
-13.244043 6.755141 1.00 0.70 25.00
-13.302672 6.664751 1.00 1.00 25.00
-13.342260 6.598486 1.00 1.30 25.00
-13.360290 6.565975 1.00 1.50 25.00
-13.373705 6.540506 1.00 1.70 25.00
-13.387938 6.512373 1.00 2.00 25.00
-13.063847 7.121117 2.00 0.50 25.00
-13.149169 6.981301 2.00 0.70 25.00
-13.250860 6.797684 2.00 1.00 25.00
-13.317649 6.666986 2.00 1.30 25.00
-13.346645 6.606362 2.00 1.50 25.00
-13.367086 6.561669 2.00 1.70 25.00
-13.387159 6.515127 2.00 2.00 25.00
-12.962399 7.369186 3.00 0.50 25.00
-13.075491 7.167688 3.00 0.70 25.00
-13.211756 6.897856 3.00 1.00 25.00
-13.301893 6.707757 3.00 1.30 25.00
-13.340221 6.623073 3.00 1.50 25.00
-13.366228 6.561809 3.00 1.70 25.00
-13.390528 6.502645 3.00 2.00 25.00
-12.874454 7.600008 4.00 0.50 25.00
-13.011731 7.341600 4.00 0.70 25.00
-13.177124 6.995833 4.00 1.00 25.00
-13.286923 6.753176 4.00 1.30 25.00
-13.333410 6.645544 4.00 1.50 25.00
-13.364342 6.571108 4.00 1.70 25.00
-13.392240 6.499970 4.00 2.00 25.00
-12.756084 6.751113 1.00 0.50 35.00
-12.808058 6.679258 1.00 0.70 35.00
-12.868504 6.586055 1.00 1.00 35.00
-12.909712 6.517239 1.00 1.30 35.00
-12.928749 6.481966 1.00 1.50 35.00
-12.942911 6.455407 1.00 1.70 35.00
-12.957916 6.426214 1.00 2.00 35.00
-12.626059 7.038542 2.00 0.50 35.00
-12.712878 6.898396 2.00 0.70 35.00
-12.816874 6.713097 2.00 1.00 35.00
-12.885913 6.580507 2.00 1.30 35.00
-12.916330 6.518091 2.00 1.50 35.00
-12.937936 6.469982 2.00 1.70 35.00
-12.959045 6.421155 2.00 2.00 35.00
-12.524234 7.284642 3.00 0.50 35.00
-12.639061 7.081981 3.00 0.70 35.00
-12.777844 6.811644 3.00 1.00 35.00
-12.870487 6.619973 3.00 1.30 35.00
-12.910251 6.533153 3.00 1.50 35.00
-12.937491 6.470150 3.00 1.70 35.00
-12.963151 6.407967 3.00 2.00 35.00
-12.436682 7.508118 4.00 0.50 35.00
-12.575631 7.252080 4.00 0.70 35.00
-12.743466 6.906784 4.00 1.00 35.00
-12.856065 6.662517 4.00 1.30 35.00
-12.903927 6.554043 4.00 1.50 35.00
-12.936193 6.477321 4.00 1.70 35.00
-12.965488 6.403626 4.00 2.00 35.00
