-14.268556 7.610902 1.00 5.00
-14.125599 8.107796 2.00 5.00
-14.017378 8.518686 3.00 5.00
-13.926477 8.819494 4.00 5.00
-14.263544 7.515314 1.00 15.00
-14.088559 8.058954 2.00 15.00
-13.963201 8.470691 3.00 15.00
-13.861022 8.780020 4.00 15.00
-14.286970 7.327424 1.00 25.00
-14.067913 7.958990 2.00 25.00
-13.921569 8.390133 3.00 25.00
-13.805102 8.710351 4.00 25.00
-14.337879 7.061023 1.00 35.00
-14.069401 7.803318 2.00 35.00
-13.899797 8.263402 3.00 35.00
-13.768059 8.597947 4.00 35.00
-14.273359 7.624209 1.00 2.50
-14.136328 8.119067 2.00 2.50
-14.032126 8.524838 3.00 2.50
-13.943490 8.828137 4.00 2.50
-14.265461 7.599108 1.00 7.50
-14.116870 8.106293 2.00 7.50
-14.005876 8.511911 3.00 7.50
-13.912998 8.816470 4.00 7.50
-14.262561 7.578151 1.00 10.00
-14.105036 8.096683 2.00 10.00
-13.989175 8.500851 3.00 10.00
-13.893098 8.808820 4.00 10.00
-14.271143 7.442401 1.00 20.00
-14.075317 8.027091 2.00 20.00
-13.940193 8.443410 3.00 20.00
-13.831005 8.755984 4.00 20.00
-13.863478 9.110618 5.00 2.50
-13.844448 9.101867 5.00 5.00
-13.830360 9.095813 5.00 7.50
-13.807167 9.083129 5.00 10.00
-13.770668 9.066986 5.00 15.00
-13.736466 9.029936 5.00 20.00
-13.707520 8.999343 5.00 25.00
-13.653633 8.884597 5.00 35.00
