-14.281231 7.315514 1.00 0.50 5.00
-14.355212 7.144052 1.00 0.70 5.00
-14.435017 6.952624 1.00 1.00 5.00
-14.481839 6.849254 1.00 1.30 5.00
-14.501425 6.806592 1.00 1.50 5.00
-14.515858 6.775426 1.00 1.70 5.00
-14.530346 6.745703 1.00 2.00 5.00
-14.144374 7.615036 2.00 0.50 5.00
-14.258780 7.296826 2.00 0.70 5.00
-14.406495 6.841331 2.00 1.00 5.00
-14.502362 6.564893 2.00 1.30 5.00
-14.542451 6.455292 2.00 1.50 5.00
-14.569327 6.387255 2.00 1.70 5.00
-14.594793 6.323642 2.00 2.00 5.00
-14.041901 7.863541 3.00 0.50 5.00
-14.184767 7.458731 3.00 0.70 5.00
-14.375731 6.842292 3.00 1.00 5.00
-14.507306 6.441420 3.00 1.30 5.00
-14.562506 6.284181 3.00 1.50 5.00
-14.598442 6.188823 3.00 1.70 5.00
-14.631417 6.103328 3.00 2.00 5.00
-13.955380 8.085163 4.00 0.50 5.00
-14.123078 7.614022 4.00 0.70 5.00
-14.346479 6.897927 4.00 1.00 5.00
-14.502857 6.417090 4.00 1.30 5.00
-14.568165 6.234504 4.00 1.50 5.00
-14.610465 6.122439 4.00 1.70 5.00
-14.647240 6.025646 4.00 2.00 5.00
-14.375793 6.266304 1.00 0.50 15.00
-14.545298 5.757637 1.00 0.70 15.00
-14.721026 5.293531 1.00 1.00 15.00
-14.815042 5.084207 1.00 1.30 15.00
-14.851230 5.009674 1.00 1.50 15.00
-14.876560 4.961598 1.00 1.70 15.00
-14.900495 4.920339 1.00 2.00 15.00
-14.215543 6.524786 2.00 0.50 15.00
-14.444148 5.793463 2.00 0.70 15.00
-14.711220 5.067843 2.00 1.00 15.00
-14.865696 4.717236 2.00 1.30 15.00
-14.924960 4.596655 2.00 1.50 15.00
-14.963468 4.521074 2.00 1.70 15.00
-14.997623 4.462693 2.00 2.00 15.00
-14.112854 6.723977 3.00 0.50 15.00
-14.379757 5.896513 3.00 0.70 15.00
-14.691387 5.077299 3.00 1.00 15.00
-14.872105 4.679341 3.00 1.30 15.00
-14.940106 4.545807 3.00 1.50 15.00
-14.982438 4.466303 3.00 1.70 15.00
-15.017761 4.403713 3.00 2.00 15.00
-14.027336 6.912486 4.00 0.50 15.00
-14.322851 6.017871 4.00 0.70 15.00
-14.666727 5.126534 4.00 1.00 15.00
-14.866904 4.691189 4.00 1.30 15.00
-14.941592 4.545339 4.00 1.50 15.00
-14.987279 4.459397 4.00 1.70 15.00
-15.023956 4.393400 4.00 2.00 15.00
-14.474362 5.190093 1.00 0.50 25.00
-14.730229 4.580168 1.00 0.70 25.00
-14.977099 4.076475 1.00 1.00 25.00
-15.102555 3.855797 1.00 1.30 25.00
-15.148955 3.780822 1.00 1.50 25.00
-15.179429 3.735759 1.00 1.70 25.00
-15.207852 3.696683 1.00 2.00 25.00
-14.314960 5.409720 2.00 0.50 25.00
-14.638258 4.631830 2.00 0.70 25.00
-14.961509 3.984734 2.00 1.00 25.00
-15.128698 3.699590 2.00 1.30 25.00
-15.189173 3.604106 2.00 1.50 25.00
-15.226035 3.549931 2.00 1.70 25.00
-15.257490 3.506110 2.00 2.00 25.00
-14.213304 5.594033 3.00 0.50 25.00
-14.575098 4.735754 3.00 0.70 25.00
-14.938840 4.019474 3.00 1.00 25.00
-15.127893 3.700775 3.00 1.30 25.00
-15.195034 3.596441 3.00 1.50 25.00
-15.234715 3.537237 3.00 1.70 25.00
-15.266781 3.490941 3.00 2.00 25.00
-14.126433 5.765161 4.00 0.50 25.00
-14.516921 4.846579 4.00 0.70 25.00
-14.911868 4.069052 4.00 1.00 25.00
-15.119711 3.718354 4.00 1.30 25.00
-15.193233 3.602586 4.00 1.50 25.00
-15.236368 3.537616 4.00 1.70 25.00
-15.270181 3.486999 4.00 2.00 25.00
-14.511275 4.423105 1.00 0.50 35.00
-14.832298 3.830069 1.00 0.70 35.00
-15.124311 3.365409 1.00 1.00 35.00
-15.266877 3.161802 1.00 1.30 35.00
-15.317840 3.092981 1.00 1.50 35.00
-15.350084 3.052332 1.00 1.70 35.00
-15.379560 3.017016 1.00 2.00 35.00
-14.359258 4.636208 2.00 0.50 35.00
-14.749672 3.911795 2.00 0.70 35.00
-15.105647 3.347112 2.00 1.00 35.00
-15.277183 3.104450 2.00 1.30 35.00
-15.336691 3.027500 2.00 1.50 35.00
-15.372101 2.982952 2.00 1.70 35.00
-15.401360 2.945815 2.00 2.00 35.00
-14.254594 4.817398 3.00 0.50 35.00
-14.683167 4.019133 3.00 0.70 35.00
-15.078115 3.390157 3.00 1.00 35.00
-15.271821 3.114802 3.00 1.30 35.00
-15.337898 3.026468 3.00 1.50 35.00
-15.376667 2.978653 3.00 1.70 35.00
-15.407207 2.938765 3.00 2.00 35.00
-14.164765 4.979828 4.00 0.50 35.00
-14.621775 4.125129 4.00 0.70 35.00
-15.048610 3.437741 4.00 1.00 35.00
-15.261749 3.132588 4.00 1.30 35.00
-15.334673 3.033857 4.00 1.50 35.00
-15.377111 2.980220 4.00 1.70 35.00
-15.409581 2.936194 4.00 2.00 35.00
