-15.467616 4.596142 0.25 10.00 1.00 0.05
-14.079835 5.855748 0.25 10.00 2.00 0.05
-14.081805 5.850402 0.25 10.00 3.00 0.05
-15.466096 4.596817 0.25 20.00 1.00 0.05
-14.084646 5.892406 0.25 20.00 2.00 0.05
-14.083510 5.889492 0.25 20.00 3.00 0.05
-15.467008 4.599226 0.25 30.00 1.00 0.05
-14.086615 5.895978 0.25 30.00 2.00 0.05
-14.085528 5.896974 0.25 30.00 3.00 0.05
-15.466096 4.596817 0.50 10.00 1.00 0.05
-14.084448 5.891630 0.50 10.00 2.00 0.05
-14.083213 5.888651 0.50 10.00 3.00 0.05
-15.468706 4.599285 0.50 20.00 1.00 0.05
-14.087689 5.899472 0.50 20.00 2.00 0.05
-14.087362 5.895372 0.50 20.00 3.00 0.05
-15.470388 4.587621 0.50 30.00 1.00 0.05
-14.088513 5.897635 0.50 30.00 2.00 0.05
-14.088086 5.898403 0.50 30.00 3.00 0.05
-15.467008 4.599226 0.75 10.00 1.00 0.05
-14.086349 5.894999 0.75 10.00 2.00 0.05
-14.085065 5.896353 0.75 10.00 3.00 0.05
-15.470388 4.587621 0.75 20.00 1.00 0.05
-14.088485 5.897654 0.75 20.00 2.00 0.05
-14.088083 5.897552 0.75 20.00 3.00 0.05
-15.463792 4.590058 0.75 30.00 1.00 0.05
-14.089252 5.892783 0.75 30.00 2.00 0.05
-14.088727 5.896963 0.75 30.00 3.00 0.05
-16.804014 2.640511 0.25 10.00 1.00 0.15
-13.569175 4.448844 0.25 10.00 2.00 0.15
-13.604842 4.413089 0.25 10.00 3.00 0.15
-16.802547 2.639922 0.25 20.00 1.00 0.15
-13.563812 4.511639 0.25 20.00 2.00 0.15
-13.568172 4.505370 0.25 20.00 3.00 0.15
-16.803215 2.641777 0.25 30.00 1.00 0.15
-13.565640 4.521240 0.25 30.00 2.00 0.15
-13.566178 4.520373 0.25 30.00 3.00 0.15
-16.802547 2.639922 0.50 10.00 1.00 0.15
-13.563513 4.510176 0.50 10.00 2.00 0.15
-13.567739 4.504269 0.50 10.00 3.00 0.15
-16.804401 2.642507 0.50 20.00 1.00 0.15
-13.566660 4.523989 0.50 20.00 2.00 0.15
-13.567292 4.519557 0.50 20.00 3.00 0.15
-16.806181 2.636550 0.50 30.00 1.00 0.15
-13.567887 4.523621 0.50 30.00 2.00 0.15
-13.567883 4.521560 0.50 30.00 3.00 0.15
-16.803215 2.641777 0.75 10.00 1.00 0.15
-13.565304 4.519342 0.75 10.00 2.00 0.15
-13.565719 4.519270 0.75 10.00 3.00 0.15
-16.806181 2.636550 0.75 20.00 1.00 0.15
-13.567857 4.523418 0.75 20.00 2.00 0.15
-13.567852 4.521331 0.75 20.00 3.00 0.15
-16.800657 2.634615 0.75 30.00 1.00 0.15
-13.568905 4.519499 0.75 30.00 2.00 0.15
-13.568465 4.522211 0.75 30.00 3.00 0.15
-17.728762 1.760411 0.25 10.00 1.00 0.25
-13.094917 3.283190 0.25 10.00 2.00 0.25
-13.174863 3.220373 0.25 10.00 3.00 0.25
-17.727222 1.759781 0.25 20.00 1.00 0.25
-13.076426 3.344291 0.25 20.00 2.00 0.25
-13.088200 3.332935 0.25 20.00 3.00 0.25
-17.727837 1.760882 0.25 30.00 1.00 0.25
-13.078480 3.350988 0.25 30.00 2.00 0.25
-13.081547 3.348174 0.25 30.00 3.00 0.25
-17.727222 1.759781 0.50 10.00 1.00 0.25
-13.076110 3.342788 0.50 10.00 2.00 0.25
-13.087786 3.332085 0.50 10.00 3.00 0.25
-17.728773 1.761607 0.50 20.00 1.00 0.25
-13.079681 3.353047 0.50 20.00 2.00 0.25
-13.081412 3.348881 0.50 20.00 3.00 0.25
-17.730362 1.757851 0.50 30.00 1.00 0.25
-13.081117 3.352920 0.50 30.00 2.00 0.25
-13.081625 3.350246 0.50 30.00 3.00 0.25
-17.727837 1.760882 0.75 10.00 1.00 0.25
-13.078091 3.348761 0.75 10.00 2.00 0.25
-13.081078 3.346575 0.75 10.00 3.00 0.25
-17.730362 1.757851 0.75 20.00 1.00 0.25
-13.081081 3.352497 0.75 20.00 2.00 0.25
-13.081582 3.350029 0.75 20.00 3.00 0.25
-17.725805 1.756167 0.75 30.00 1.00 0.25
-13.082165 3.349998 0.75 30.00 2.00 0.25
-13.081989 3.351340 0.75 30.00 3.00 0.25
-18.453663 1.194119 0.25 10.00 1.00 0.35
-12.652597 2.284997 0.25 10.00 2.00 0.35
-12.791710 2.208664 0.25 10.00 3.00 0.35
-18.452513 1.193704 0.25 20.00 1.00 0.35
-12.618176 2.328301 0.25 20.00 2.00 0.35
-12.640185 2.315022 0.25 20.00 3.00 0.35
-18.452875 1.193972 0.25 30.00 1.00 0.35
-12.620321 2.331743 0.25 30.00 2.00 0.35
-12.627120 2.327509 0.25 30.00 3.00 0.35
-18.452513 1.193704 0.50 10.00 1.00 0.35
-12.617882 2.327061 0.50 10.00 2.00 0.35
-12.639768 2.314220 0.50 10.00 3.00 0.35
-18.453730 1.195054 0.50 20.00 1.00 0.35
-12.621914 2.331886 0.50 20.00 2.00 0.35
-12.625302 2.329071 0.50 20.00 3.00 0.35
-18.455128 1.192718 0.50 30.00 1.00 0.35
-12.623483 2.332376 0.50 30.00 2.00 0.35
-12.624703 2.330413 0.50 30.00 3.00 0.35
-18.452875 1.193972 0.75 10.00 1.00 0.35
-12.619976 2.329902 0.75 10.00 2.00 0.35
-12.626771 2.326315 0.75 10.00 3.00 0.35
-18.455128 1.192718 0.75 20.00 1.00 0.35
-12.623434 2.332043 0.75 20.00 2.00 0.35
-12.624663 2.330210 0.75 20.00 3.00 0.35
-18.451397 1.191655 0.75 30.00 1.00 0.35
-12.624582 2.330361 0.75 30.00 2.00 0.35
-12.624738 2.331365 0.75 30.00 3.00 0.35
-15.002895 5.595709 0.25 10.00 1.00 0.03
-14.221277 6.253119 0.25 10.00 2.00 0.03
-14.216455 6.254609 0.25 10.00 3.00 0.03
-15.001315 5.599698 0.25 20.00 1.00 0.03
-14.228170 6.274739 0.25 20.00 2.00 0.03
-14.226227 6.269127 0.25 20.00 3.00 0.03
-15.002136 5.600584 0.25 30.00 1.00 0.03
-14.230010 6.276607 0.25 30.00 2.00 0.03
-14.228690 6.278227 0.25 30.00 3.00 0.03
-15.001315 5.599698 0.50 10.00 1.00 0.03
-14.228001 6.274224 0.50 10.00 2.00 0.03
-14.225951 6.268503 0.50 10.00 3.00 0.03
-15.004050 5.602114 0.50 20.00 1.00 0.03
-14.231068 6.279910 0.50 20.00 2.00 0.03
-14.230627 6.274880 0.50 20.00 3.00 0.03
-15.005899 5.584771 0.50 30.00 1.00 0.03
-14.231720 6.278181 0.50 30.00 2.00 0.03
-14.231270 6.279679 0.50 30.00 3.00 0.03
-15.002136 5.600584 0.75 10.00 1.00 0.03
-14.229788 6.275990 0.75 10.00 2.00 0.03
-14.228257 6.277800 0.75 10.00 3.00 0.03
-15.005899 5.584771 0.75 20.00 1.00 0.03
-14.231706 6.278146 0.75 20.00 2.00 0.03
-14.231248 6.278761 0.75 20.00 3.00 0.03
-14.998862 5.591555 0.75 30.00 1.00 0.03
-14.232737 6.268622 0.75 30.00 2.00 0.03
-14.231792 6.277614 0.75 30.00 3.00 0.03
-15.856904 3.903786 0.25 10.00 1.00 0.07
-13.950783 5.488899 0.25 10.00 2.00 0.07
-13.960095 5.477635 0.25 10.00 3.00 0.07
-15.855460 3.904453 0.25 20.00 1.00 0.07
-13.953600 5.536077 0.25 20.00 2.00 0.07
-13.953609 5.532750 0.25 20.00 3.00 0.07
-15.856367 3.906631 0.25 30.00 1.00 0.07
-13.955418 5.543331 0.25 30.00 2.00 0.07
-13.954625 5.544334 0.25 30.00 3.00 0.07
-15.855460 3.904453 0.50 10.00 1.00 0.07
-13.953382 5.534858 0.50 10.00 2.00 0.07
-13.953219 5.531804 0.50 10.00 3.00 0.07
-15.857783 3.906459 0.50 20.00 1.00 0.07
-13.956443 5.546794 0.50 20.00 2.00 0.07
-13.956463 5.540981 0.50 20.00 3.00 0.07
-15.859550 3.896737 0.50 30.00 1.00 0.07
-13.957362 5.545472 0.50 30.00 2.00 0.07
-13.957067 5.544868 0.50 30.00 3.00 0.07
-15.856367 3.906631 0.75 10.00 1.00 0.07
-13.955112 5.542247 0.75 10.00 2.00 0.07
-13.954171 5.543086 0.75 10.00 3.00 0.07
-15.859550 3.896737 0.75 20.00 1.00 0.07
-13.957346 5.545339 0.75 20.00 2.00 0.07
-13.957050 5.544310 0.75 20.00 3.00 0.07
-15.853290 3.897621 0.75 30.00 1.00 0.07
-13.958321 5.538842 0.75 30.00 2.00 0.07
-13.957686 5.544481 0.75 30.00 3.00 0.07
-16.205648 3.372662 0.25 10.00 1.00 0.10
-13.827555 5.128550 0.25 10.00 2.00 0.10
-13.844663 5.107192 0.25 10.00 3.00 0.10
-16.204378 3.373410 0.25 20.00 1.00 0.10
-13.827799 5.181462 0.25 20.00 2.00 0.10
-13.829238 5.176305 0.25 20.00 3.00 0.10
-16.204964 3.374555 0.25 30.00 1.00 0.10
-13.829817 5.188753 0.25 30.00 2.00 0.10
-13.829455 5.188688 0.25 30.00 3.00 0.10
-16.204378 3.373410 0.50 10.00 1.00 0.10
-13.827546 5.180362 0.50 10.00 2.00 0.10
-13.828875 5.175170 0.50 10.00 3.00 0.10
-16.206366 3.374608 0.50 20.00 1.00 0.10
-13.830844 5.191709 0.50 20.00 2.00 0.10
-13.830884 5.188125 0.50 20.00 3.00 0.10
-16.208185 3.366544 0.50 30.00 1.00 0.10
-13.831922 5.191112 0.50 30.00 2.00 0.10
-13.831639 5.190244 0.50 30.00 3.00 0.10
-16.204964 3.374555 0.75 10.00 1.00 0.10
-13.829502 5.187382 0.75 10.00 2.00 0.10
-13.828924 5.187547 0.75 10.00 3.00 0.10
-16.208185 3.366544 0.75 20.00 1.00 0.10
-13.831904 5.190844 0.75 20.00 2.00 0.10
-13.831618 5.189735 0.75 20.00 3.00 0.10
-16.202168 3.366941 0.75 30.00 1.00 0.10
-13.832924 5.185056 0.75 30.00 2.00 0.10
-13.832275 5.190012 0.75 30.00 3.00 0.10
-17.307219 2.141767 0.25 10.00 1.00 0.20
-13.313828 3.827632 0.25 10.00 2.00 0.20
-13.371387 3.776410 0.25 10.00 3.00 0.20
-17.305683 2.140952 0.25 20.00 1.00 0.20
-13.301719 3.893419 0.25 20.00 2.00 0.20
-13.309788 3.884359 0.25 20.00 3.00 0.20
-17.306253 2.142278 0.25 30.00 1.00 0.20
-13.303454 3.901667 0.25 30.00 2.00 0.20
-13.305317 3.899596 0.25 30.00 3.00 0.20
-17.305683 2.140952 0.50 10.00 1.00 0.20
-13.301349 3.891831 0.50 10.00 2.00 0.20
-13.309322 3.883335 0.50 10.00 3.00 0.20
-17.307337 2.142414 0.50 20.00 1.00 0.20
-13.304473 3.903356 0.50 20.00 2.00 0.20
-13.305609 3.899519 0.50 20.00 3.00 0.20
-17.309071 2.138524 0.50 30.00 1.00 0.20
-13.305743 3.903535 0.50 30.00 2.00 0.20
-13.305958 3.901398 0.50 30.00 3.00 0.20
-17.306253 2.142278 0.75 10.00 1.00 0.20
-13.303097 3.899678 0.75 10.00 2.00 0.20
-13.304813 3.898242 0.75 10.00 3.00 0.20
-17.309071 2.138524 0.75 20.00 1.00 0.20
-13.305680 3.903211 0.75 20.00 2.00 0.20
-13.305911 3.901153 0.75 20.00 3.00 0.20
-17.304199 2.137007 0.75 30.00 1.00 0.20
-13.306749 3.899768 0.75 30.00 2.00 0.20
-13.306384 3.902666 0.75 30.00 3.00 0.20
-14.136550 5.809134 0.25 10.00 4.00 0.03
-14.154220 5.847680 0.25 20.00 4.00 0.03
-14.159067 5.852977 0.25 30.00 4.00 0.03
-14.153372 5.846916 0.50 10.00 4.00 0.03
-14.160290 5.858472 0.50 20.00 4.00 0.03
-14.162446 5.854161 0.50 30.00 4.00 0.03
-14.157801 5.851684 0.75 10.00 4.00 0.03
-14.162249 5.853898 0.75 20.00 4.00 0.03
-14.162977 5.856580 0.75 30.00 4.00 0.03
-13.944447 5.529541 0.25 10.00 4.00 0.05
-13.960863 5.576529 0.25 20.00 4.00 0.05
-13.965562 5.582848 0.25 30.00 4.00 0.05
-13.959858 5.575699 0.50 10.00 4.00 0.05
-13.966894 5.586569 0.50 20.00 4.00 0.05
-13.968712 5.586608 0.50 30.00 4.00 0.05
-13.964203 5.581681 0.75 10.00 4.00 0.05
-13.968497 5.586439 0.75 20.00 4.00 0.05
-13.969427 5.586872 0.75 30.00 4.00 0.05
-13.754991 5.271545 0.25 10.00 4.00 0.07
-13.769341 5.326174 0.25 20.00 4.00 0.07
-13.773829 5.333818 0.25 30.00 4.00 0.07
-13.768350 5.325372 0.50 10.00 4.00 0.07
-13.775121 5.338000 0.50 20.00 4.00 0.07
-13.776987 5.337783 0.50 30.00 4.00 0.07
-13.772401 5.332450 0.75 10.00 4.00 0.07
-13.776770 5.337687 0.75 20.00 4.00 0.07
-13.777760 5.337925 0.75 30.00 4.00 0.07
-13.566586 5.044070 0.25 10.00 4.00 0.10
-13.577976 5.104845 0.25 20.00 4.00 0.10
-13.582229 5.113176 0.25 30.00 4.00 0.10
-13.576883 5.103753 0.50 10.00 4.00 0.10
-13.583660 5.116204 0.50 20.00 4.00 0.10
-13.585532 5.115782 0.50 30.00 4.00 0.10
-13.580774 5.111641 0.75 10.00 4.00 0.10
-13.585294 5.115517 0.75 20.00 4.00 0.10
-13.586295 5.115887 0.75 30.00 4.00 0.10
-13.179124 4.526451 0.25 10.00 4.00 0.15
-13.182952 4.593822 0.25 20.00 4.00 0.15
-13.186432 4.604617 0.25 30.00 4.00 0.15
-13.181849 4.592590 0.50 10.00 4.00 0.15
-13.187727 4.607430 0.50 20.00 4.00 0.15
-13.189509 4.607622 0.50 30.00 4.00 0.15
-13.184911 4.602457 0.75 10.00 4.00 0.15
-13.189248 4.607370 0.75 20.00 4.00 0.15
-13.190161 4.608769 0.75 30.00 4.00 0.15
-12.809077 4.071784 0.25 10.00 4.00 0.20
-12.802489 4.146210 0.25 20.00 4.00 0.20
-12.804782 4.157128 0.25 30.00 4.00 0.20
-12.801269 4.144992 0.50 10.00 4.00 0.20
-12.805882 4.159952 0.50 20.00 4.00 0.20
-12.807418 4.161393 0.50 30.00 4.00 0.20
-12.803231 4.155416 0.75 10.00 4.00 0.20
-12.807145 4.161087 0.75 20.00 4.00 0.20
-12.808086 4.161776 0.75 30.00 4.00 0.20
-12.433759 3.605780 0.25 10.00 4.00 0.25
-12.412899 3.684359 0.25 20.00 4.00 0.25
-12.413809 3.694848 0.25 30.00 4.00 0.25
-12.411721 3.682938 0.50 10.00 4.00 0.25
-12.414613 3.697250 0.50 20.00 4.00 0.25
-12.415984 3.698699 0.50 30.00 4.00 0.25
-12.412207 3.692857 0.75 10.00 4.00 0.25
-12.415711 3.698387 0.75 20.00 4.00 0.25
-12.416591 3.699549 0.75 30.00 4.00 0.25
-11.684582 2.721686 0.25 10.00 4.00 0.35
-11.621906 2.803796 0.25 20.00 4.00 0.35
-11.618539 2.812301 0.25 30.00 4.00 0.35
-11.620783 2.802411 0.50 10.00 4.00 0.35
-11.618531 2.813636 0.50 20.00 4.00 0.35
-11.619490 2.814602 0.50 30.00 4.00 0.35
-11.617097 2.810261 0.75 10.00 4.00 0.35
-11.619227 2.814331 0.75 20.00 4.00 0.35
-11.620045 2.814568 0.75 30.00 4.00 0.35
