-14.691983 6.711655 1.00 0.00 5.00
-13.944082 7.323440 1.00 1.00 5.00
-14.637190 6.768051 2.00 0.00 5.00
-13.776752 7.504910 2.00 1.00 5.00
-14.630982 6.775046 3.00 0.00 5.00
-13.669848 7.628124 3.00 1.00 5.00
-14.630589 6.775615 4.00 0.00 5.00
-13.590551 7.735217 4.00 1.00 5.00
-14.214672 6.460764 1.00 0.00 15.00
-13.529928 6.989513 1.00 1.00 15.00
-14.160722 6.518986 2.00 0.00 15.00
-13.369143 7.184341 2.00 1.00 15.00
-14.154612 6.526506 3.00 0.00 15.00
-13.268209 7.321100 3.00 1.00 15.00
-14.154194 6.527090 4.00 0.00 15.00
-13.193940 7.437644 4.00 1.00 15.00
-13.712212 6.367122 1.00 0.00 25.00
-13.112929 6.795346 1.00 1.00 25.00
-13.657815 6.428608 2.00 0.00 25.00
-12.956352 6.991399 2.00 1.00 25.00
-13.651670 6.436606 3.00 0.00 25.00
-12.859009 7.133111 3.00 1.00 25.00
-13.651162 6.437334 4.00 0.00 25.00
-12.787684 7.252052 4.00 1.00 25.00
-13.196594 6.392986 1.00 0.00 35.00
-12.677085 6.723362 1.00 1.00 35.00
-13.141119 6.460630 2.00 0.00 35.00
-12.521650 6.933173 2.00 1.00 35.00
-13.134791 6.469241 3.00 0.00 35.00
-12.424996 7.088582 3.00 1.00 35.00
-13.134273 6.470330 4.00 0.00 35.00
-12.353930 7.218622 4.00 1.00 35.00
