-14.083080 7.428358 1.00 0.00 5.00 5.00
-14.078738 7.436002 1.00 0.00 15.00 5.00
-14.077841 7.437391 1.00 0.00 25.00 5.00
-14.077579 7.438045 1.00 0.00 35.00 5.00
-13.860898 7.872419 2.00 0.00 5.00 5.00
-13.837267 7.914392 2.00 0.00 15.00 5.00
-13.832822 7.922023 2.00 0.00 25.00 5.00
-13.830998 7.924951 2.00 0.00 35.00 5.00
-13.730265 8.119562 3.00 0.00 5.00 5.00
-13.670346 8.229870 3.00 0.00 15.00 5.00
-13.658879 8.250643 3.00 0.00 25.00 5.00
-13.654009 8.259472 3.00 0.00 35.00 5.00
-13.654486 8.258937 4.00 0.00 5.00 5.00
-13.541748 8.472466 4.00 0.00 15.00 5.00
-13.518994 8.514530 4.00 0.00 25.00 5.00
-13.509388 8.532215 4.00 0.00 35.00 5.00
-13.941556 7.066544 1.00 0.00 5.00 15.00
-13.937087 7.073474 1.00 0.00 15.00 15.00
-13.936232 7.074850 1.00 0.00 25.00 15.00
-13.936039 7.074896 1.00 0.00 35.00 15.00
-13.667597 7.712971 2.00 0.00 5.00 15.00
-13.642540 7.760364 2.00 0.00 15.00 15.00
-13.638030 7.768157 2.00 0.00 25.00 15.00
-13.636162 7.771067 2.00 0.00 35.00 15.00
-13.522914 8.019047 3.00 0.00 5.00 15.00
-13.460056 8.142272 3.00 0.00 15.00 15.00
-13.448319 8.163747 3.00 0.00 25.00 15.00
-13.443470 8.172091 3.00 0.00 35.00 15.00
-13.442349 8.179278 4.00 0.00 5.00 15.00
-13.324916 8.412528 4.00 0.00 15.00 15.00
-13.301705 8.456570 4.00 0.00 25.00 15.00
-13.291966 8.474769 4.00 0.00 35.00 15.00
-13.785596 6.734521 1.00 0.00 5.00 25.00
-13.780840 6.742593 1.00 0.00 15.00 25.00
-13.780078 6.743692 1.00 0.00 25.00 25.00
-13.779819 6.743593 1.00 0.00 35.00 25.00
-13.463010 7.554984 2.00 0.00 5.00 25.00
-13.436572 7.607810 2.00 0.00 15.00 25.00
-13.431897 7.616230 2.00 0.00 25.00 25.00
-13.429961 7.619478 2.00 0.00 35.00 25.00
-13.304778 7.916535 3.00 0.00 5.00 25.00
-13.238945 8.052492 3.00 0.00 15.00 25.00
-13.226987 8.074943 3.00 0.00 25.00 25.00
-13.222074 8.083287 3.00 0.00 35.00 25.00
-13.219573 8.097029 4.00 0.00 5.00 25.00
-13.097473 8.350744 4.00 0.00 15.00 25.00
-13.073819 8.396492 4.00 0.00 25.00 25.00
-13.064009 8.414713 4.00 0.00 35.00 25.00
-13.607047 6.467159 1.00 0.00 5.00 35.00
-13.602091 6.475278 1.00 0.00 15.00 35.00
-13.601366 6.476260 1.00 0.00 25.00 35.00
-13.601017 6.476501 1.00 0.00 35.00 35.00
-13.241692 7.424757 2.00 0.00 5.00 35.00
-13.214185 7.481325 2.00 0.00 15.00 35.00
-13.209452 7.489797 2.00 0.00 25.00 35.00
-13.207525 7.493198 2.00 0.00 35.00 35.00
-13.071704 7.831449 3.00 0.00 5.00 35.00
-13.003369 7.976818 3.00 0.00 15.00 35.00
-12.991241 7.999725 3.00 0.00 25.00 35.00
-12.986256 8.008752 3.00 0.00 35.00 35.00
-12.982295 8.028638 4.00 0.00 5.00 35.00
-12.856385 8.297687 4.00 0.00 15.00 35.00
-12.832378 8.344801 4.00 0.00 25.00 35.00
-12.822427 8.363606 4.00 0.00 35.00 35.00
-14.122157 7.551230 1.00 0.00 5.00 2.50
-14.117827 7.558676 1.00 0.00 15.00 2.50
-14.116925 7.560034 1.00 0.00 25.00 2.50
-14.116608 7.560993 1.00 0.00 35.00 2.50
-13.916627 7.924303 2.00 0.00 5.00 2.50
-13.893421 7.965284 2.00 0.00 15.00 2.50
-13.889170 7.970381 2.00 0.00 25.00 2.50
-13.887286 7.973596 2.00 0.00 35.00 2.50
-13.790519 8.149661 3.00 0.00 5.00 2.50
-13.731384 8.258709 3.00 0.00 15.00 2.50
-13.719914 8.279725 3.00 0.00 25.00 2.50
-13.715070 8.288288 3.00 0.00 35.00 2.50
-13.716109 8.284740 4.00 0.00 5.00 2.50
-13.604751 8.492483 4.00 0.00 15.00 2.50
-13.582123 8.533670 4.00 0.00 25.00 2.50
-13.572568 8.550844 4.00 0.00 35.00 2.50
-14.056690 7.359922 1.00 0.00 5.00 7.50
-14.052355 7.366878 1.00 0.00 15.00 7.50
-14.051393 7.368454 1.00 0.00 25.00 7.50
-14.051213 7.368972 1.00 0.00 35.00 7.50
-13.823751 7.849545 2.00 0.00 5.00 7.50
-13.799824 7.893266 2.00 0.00 15.00 7.50
-13.795336 7.900831 2.00 0.00 25.00 7.50
-13.793482 7.903830 2.00 0.00 35.00 7.50
-13.690086 8.110546 3.00 0.00 5.00 7.50
-13.629458 8.225358 3.00 0.00 15.00 7.50
-13.617954 8.245632 3.00 0.00 25.00 7.50
-13.613094 8.254246 3.00 0.00 35.00 7.50
-13.613296 8.255665 4.00 0.00 5.00 7.50
-13.499467 8.474671 4.00 0.00 15.00 7.50
-13.476668 8.517301 4.00 0.00 25.00 7.50
-13.467020 8.535092 4.00 0.00 35.00 7.50
-14.016596 7.232177 1.00 0.00 5.00 10.00
-14.012171 7.240412 1.00 0.00 15.00 10.00
-14.011253 7.241880 1.00 0.00 25.00 10.00
-14.011061 7.242075 1.00 0.00 35.00 10.00
-13.768188 7.783046 2.00 0.00 5.00 10.00
-13.743857 7.828337 2.00 0.00 15.00 10.00
-13.739416 7.835524 2.00 0.00 25.00 10.00
-13.737565 7.838462 2.00 0.00 35.00 10.00
-13.630581 8.060522 3.00 0.00 5.00 10.00
-13.569145 8.178112 3.00 0.00 15.00 10.00
-13.557516 8.199765 3.00 0.00 25.00 10.00
-13.552644 8.208344 3.00 0.00 35.00 10.00
-13.552425 8.210935 4.00 0.00 5.00 10.00
-13.437386 8.434947 4.00 0.00 15.00 10.00
-13.414415 8.478366 4.00 0.00 25.00 10.00
-13.404708 8.496058 4.00 0.00 35.00 10.00
-13.865222 6.897777 1.00 0.00 5.00 20.00
-13.860557 6.905782 1.00 0.00 15.00 20.00
-13.859762 6.907135 1.00 0.00 25.00 20.00
-13.859553 6.906875 1.00 0.00 35.00 20.00
-13.566190 7.639184 2.00 0.00 5.00 20.00
-13.540372 7.689973 2.00 0.00 15.00 20.00
-13.535810 7.697676 2.00 0.00 25.00 20.00
-13.533933 7.700812 2.00 0.00 35.00 20.00
-13.414639 7.974473 3.00 0.00 5.00 20.00
-13.350348 8.104397 3.00 0.00 15.00 20.00
-13.338532 8.126319 3.00 0.00 25.00 20.00
-13.333654 8.134647 3.00 0.00 35.00 20.00
-13.331782 8.145284 4.00 0.00 5.00 20.00
-13.212120 8.389077 4.00 0.00 15.00 20.00
-13.188716 8.433920 4.00 0.00 25.00 20.00
-13.178941 8.452136 4.00 0.00 35.00 20.00
-13.678728 8.350712 5.00 0.00 5.00 2.50
-13.505706 8.676400 5.00 0.00 15.00 2.50
-13.467227 8.749232 5.00 0.00 25.00 2.50
-13.450836 8.779885 5.00 0.00 35.00 2.50
-13.616810 8.331736 5.00 0.00 5.00 5.00
-13.441828 8.667464 5.00 0.00 15.00 5.00
-13.403128 8.741223 5.00 0.00 25.00 5.00
-13.386658 8.772318 5.00 0.00 35.00 5.00
-13.573874 8.311755 5.00 0.00 5.00 7.50
-13.397570 8.652648 5.00 0.00 15.00 7.50
-13.358784 8.727225 5.00 0.00 25.00 7.50
-13.342220 8.758195 5.00 0.00 35.00 7.50
-13.512190 8.283319 5.00 0.00 5.00 10.00
-13.334075 8.632282 5.00 0.00 15.00 10.00
-13.295117 8.707418 5.00 0.00 25.00 10.00
-13.278472 8.739762 5.00 0.00 35.00 10.00
-13.404158 8.250695 5.00 0.00 5.00 15.00
-13.222991 8.614124 5.00 0.00 15.00 15.00
-13.183645 8.691000 5.00 0.00 25.00 15.00
-13.166997 8.722889 5.00 0.00 35.00 15.00
-13.295636 8.226614 5.00 0.00 5.00 20.00
-13.111378 8.603170 5.00 0.00 15.00 20.00
-13.071741 8.681194 5.00 0.00 25.00 20.00
-13.055006 8.712833 5.00 0.00 35.00 20.00
-13.176704 8.206611 5.00 0.00 5.00 25.00
-12.989301 8.597054 5.00 0.00 15.00 25.00
-12.949246 8.676859 5.00 0.00 25.00 25.00
-12.932355 8.709831 5.00 0.00 35.00 25.00
-12.940854 8.115312 5.00 0.00 5.00 35.00
-12.748405 8.525388 5.00 0.00 15.00 35.00
-12.707951 8.606688 5.00 0.00 25.00 35.00
-12.690924 8.639864 5.00 0.00 35.00 35.00
-14.128578 7.539470 1.00 0.00 2.50 2.50
-14.119443 7.553627 1.00 0.00 7.50 2.50
-14.118418 7.555644 1.00 0.00 10.00 2.50
-14.116766 7.558406 1.00 0.00 20.00 2.50
-13.953104 7.856934 2.00 0.00 2.50 2.50
-13.903921 7.945935 2.00 0.00 7.50 2.50
-13.898184 7.956043 2.00 0.00 10.00 2.50
-13.889918 7.968391 2.00 0.00 20.00 2.50
-13.874983 7.994986 3.00 0.00 2.50 2.50
-13.759906 8.205218 3.00 0.00 7.50 2.50
-13.745078 8.232641 3.00 0.00 10.00 2.50
-13.723329 8.272119 3.00 0.00 20.00 2.50
-13.849286 8.038537 4.00 0.00 2.50 2.50
-13.660733 8.386450 4.00 0.00 7.50 2.50
-13.632419 8.439376 4.00 0.00 10.00 2.50
-13.589648 8.518498 4.00 0.00 20.00 2.50
-13.843742 8.047691 5.00 0.00 2.50 2.50
-13.596844 8.502876 5.00 0.00 7.50 2.50
-13.551769 8.588037 5.00 0.00 10.00 2.50
-13.480452 8.723255 5.00 0.00 20.00 2.50
-14.089764 7.424264 1.00 0.00 2.50 5.00
-14.080218 7.439331 1.00 0.00 7.50 5.00
-14.079242 7.441012 1.00 0.00 10.00 5.00
-14.077620 7.443696 1.00 0.00 20.00 5.00
-13.898905 7.806885 2.00 0.00 2.50 5.00
-13.848057 7.902895 2.00 0.00 7.50 5.00
-13.842249 7.913438 2.00 0.00 10.00 5.00
-13.833702 7.928918 2.00 0.00 20.00 5.00
-13.817567 7.959908 3.00 0.00 2.50 5.00
-13.699174 8.186046 3.00 0.00 7.50 5.00
-13.684229 8.213620 3.00 0.00 10.00 5.00
-13.662329 8.253175 3.00 0.00 20.00 5.00
-13.791164 8.006922 4.00 0.00 2.50 5.00
-13.598271 8.374940 4.00 0.00 7.50 5.00
-13.569590 8.429288 4.00 0.00 10.00 5.00
-13.526546 8.510171 4.00 0.00 20.00 5.00
-13.785536 8.016380 5.00 0.00 2.50 5.00
-13.533696 8.494800 5.00 0.00 7.50 5.00
-13.488101 8.582377 5.00 0.00 10.00 5.00
-13.416325 8.720264 5.00 0.00 20.00 5.00
-14.064807 7.339578 1.00 0.00 2.50 7.50
-14.055037 7.355265 1.00 0.00 7.50 7.50
-14.053956 7.358402 1.00 0.00 10.00 7.50
-14.052363 7.361029 1.00 0.00 20.00 7.50
-13.864054 7.762826 2.00 0.00 2.50 7.50
-13.812160 7.862751 2.00 0.00 7.50 7.50
-13.806261 7.873491 2.00 0.00 10.00 7.50
-13.797733 7.888303 2.00 0.00 20.00 7.50
-13.780692 7.923458 3.00 0.00 2.50 7.50
-13.660295 8.157331 3.00 0.00 7.50 7.50
-13.645173 8.186026 3.00 0.00 10.00 7.50
-13.623114 8.226513 3.00 0.00 20.00 7.50
-13.753866 7.972094 4.00 0.00 2.50 7.50
-13.558200 8.351437 4.00 0.00 7.50 7.50
-13.529359 8.406580 4.00 0.00 10.00 7.50
-13.486062 8.488226 4.00 0.00 20.00 7.50
-13.748168 7.981812 5.00 0.00 2.50 7.50
-13.493180 8.472990 5.00 0.00 7.50 7.50
-13.447273 8.562191 5.00 0.00 10.00 7.50
-13.375096 8.701508 5.00 0.00 20.00 7.50
-14.022911 7.229660 1.00 0.00 2.50 10.00
-14.012503 7.249552 1.00 0.00 7.50 10.00
-14.011539 7.251370 1.00 0.00 10.00 10.00
-14.009940 7.253761 1.00 0.00 20.00 10.00
-13.807486 7.713129 2.00 0.00 2.50 10.00
-13.753840 7.820664 2.00 0.00 7.50 10.00
-13.747860 7.831432 2.00 0.00 10.00 10.00
-13.739289 7.846358 2.00 0.00 20.00 10.00
-13.721073 7.887148 3.00 0.00 2.50 10.00
-13.597548 8.135129 3.00 0.00 7.50 10.00
-13.582294 8.164355 3.00 0.00 10.00 10.00
-13.560055 8.205689 3.00 0.00 20.00 10.00
-13.693608 7.938506 4.00 0.00 2.50 10.00
-13.493852 8.336489 4.00 0.00 7.50 10.00
-13.464661 8.393167 4.00 0.00 10.00 10.00
-13.421108 8.476098 4.00 0.00 20.00 10.00
-13.687815 7.948453 5.00 0.00 2.50 10.00
-13.428069 8.461368 5.00 0.00 7.50 10.00
-13.381742 8.552563 5.00 0.00 10.00 10.00
-13.309177 8.693654 5.00 0.00 20.00 10.00
-13.952404 7.044736 1.00 0.00 2.50 15.00
-13.941466 7.066205 1.00 0.00 7.50 15.00
-13.940513 7.067956 1.00 0.00 10.00 15.00
-13.938894 7.070566 1.00 0.00 20.00 15.00
-13.712948 7.619573 2.00 0.00 2.50 15.00
-13.656520 7.738983 2.00 0.00 7.50 15.00
-13.650308 7.750676 2.00 0.00 10.00 15.00
-13.641563 7.766367 2.00 0.00 20.00 15.00
-13.621269 7.815344 3.00 0.00 2.50 15.00
-13.492557 8.085861 3.00 0.00 7.50 15.00
-13.476959 8.116332 3.00 0.00 10.00 15.00
-13.454380 8.159223 3.00 0.00 20.00 15.00
-13.592764 7.871031 4.00 0.00 2.50 15.00
-13.385920 8.300408 4.00 0.00 7.50 15.00
-13.356224 8.359793 4.00 0.00 10.00 15.00
-13.312103 8.445253 4.00 0.00 20.00 15.00
-13.586783 7.881818 5.00 0.00 2.50 15.00
-13.318953 8.431345 5.00 0.00 7.50 15.00
-13.271869 8.525808 5.00 0.00 10.00 15.00
-13.198492 8.670910 5.00 0.00 20.00 15.00
-13.877866 6.884921 1.00 0.00 2.50 20.00
-13.866184 6.909460 1.00 0.00 7.50 20.00
-13.865291 6.909707 1.00 0.00 10.00 20.00
-13.863643 6.912593 1.00 0.00 20.00 20.00
-13.615663 7.541817 2.00 0.00 2.50 20.00
-13.556733 7.670409 2.00 0.00 7.50 20.00
-13.550393 7.682618 2.00 0.00 10.00 20.00
-13.541501 7.698549 2.00 0.00 20.00 20.00
-13.519305 7.755847 3.00 0.00 2.50 20.00
-13.385942 8.045072 3.00 0.00 7.50 20.00
-13.370029 8.076818 3.00 0.00 10.00 20.00
-13.347240 8.120125 3.00 0.00 20.00 20.00
-13.489790 7.815550 4.00 0.00 2.50 20.00
-13.276739 8.270266 4.00 0.00 7.50 20.00
-13.246511 8.331348 4.00 0.00 10.00 20.00
-13.201856 8.418745 4.00 0.00 20.00 20.00
-13.483667 7.826964 5.00 0.00 2.50 20.00
-13.208578 8.405858 5.00 0.00 7.50 20.00
-13.160845 8.502796 5.00 0.00 10.00 20.00
-13.086667 8.650906 5.00 0.00 20.00 20.00
-13.795763 6.714412 1.00 0.00 2.50 25.00
-13.783496 6.741569 1.00 0.00 7.50 25.00
-13.782583 6.742075 1.00 0.00 10.00 25.00
-13.780935 6.744825 1.00 0.00 20.00 25.00
-13.511362 7.446505 2.00 0.00 2.50 25.00
-13.449767 7.585216 2.00 0.00 7.50 25.00
-13.443289 7.597948 2.00 0.00 10.00 25.00
-13.434246 7.614676 2.00 0.00 20.00 25.00
-13.410035 7.680520 3.00 0.00 2.50 25.00
-13.271540 7.991315 3.00 0.00 7.50 25.00
-13.255219 8.024742 3.00 0.00 10.00 25.00
-13.232065 8.069601 3.00 0.00 20.00 25.00
-13.379426 7.744644 4.00 0.00 2.50 25.00
-13.159299 8.229506 4.00 0.00 7.50 25.00
-13.128570 8.292656 4.00 0.00 10.00 25.00
-13.083296 8.382678 4.00 0.00 20.00 25.00
-13.373146 7.756587 5.00 0.00 2.50 25.00
-13.089958 8.370041 5.00 0.00 7.50 25.00
-13.041483 8.470325 5.00 0.00 10.00 25.00
-12.966505 8.622248 5.00 0.00 20.00 25.00
-13.615192 6.449684 1.00 0.00 2.50 35.00
-13.601933 6.478945 1.00 0.00 7.50 35.00
-13.601025 6.478570 1.00 0.00 10.00 35.00
-13.599374 6.480997 1.00 0.00 20.00 35.00
-13.291935 7.305421 2.00 0.00 2.50 35.00
-13.226014 7.459131 2.00 0.00 7.50 35.00
-13.219296 7.472868 2.00 0.00 10.00 35.00
-13.210079 7.490115 2.00 0.00 20.00 35.00
-13.182203 7.569613 3.00 0.00 2.50 35.00
-13.035342 7.912233 3.00 0.00 7.50 35.00
-13.018538 7.947344 3.00 0.00 10.00 35.00
-12.994813 7.994084 3.00 0.00 20.00 35.00
-13.149912 7.639957 4.00 0.00 2.50 35.00
-12.918326 8.169257 4.00 0.00 7.50 35.00
-12.886615 8.236529 4.00 0.00 10.00 35.00
-12.840445 8.330207 4.00 0.00 20.00 35.00
-13.143347 7.652803 5.00 0.00 2.50 35.00
-12.846899 8.318615 5.00 0.00 7.50 35.00
-12.797162 8.424705 5.00 0.00 10.00 35.00
-12.720828 8.581448 5.00 0.00 20.00 35.00
