-14.300521 7.136797 1.00 0.50 0.05
-14.443377 6.921113 1.00 0.70 0.05
-14.561985 6.735120 1.00 1.00 0.05
-14.613019 6.656056 1.00 1.30 0.05
-14.630313 6.629740 1.00 1.50 0.05
-14.642819 6.608600 1.00 1.70 0.05
-14.654098 6.590653 1.00 2.00 0.05
-14.139076 7.378511 2.00 0.50 0.05
-14.398512 6.824551 2.00 0.70 0.05
-14.715894 6.192370 2.00 1.00 0.05
-14.858313 5.941677 2.00 1.30 0.05
-14.898458 5.874417 2.00 1.50 0.05
-14.920772 5.837875 2.00 1.70 0.05
-14.940215 5.805313 2.00 2.00 0.05
-14.014064 7.615681 3.00 0.50 0.05
-14.319491 6.865974 3.00 0.70 0.05
-14.793629 5.853352 3.00 1.00 0.05
-15.046535 5.408565 3.00 1.30 0.05
-15.117831 5.293911 3.00 1.50 0.05
-15.153666 5.238945 3.00 1.70 0.05
-15.179893 5.197954 3.00 2.00 0.05
-13.916351 7.824180 4.00 0.50 0.05
-14.252855 6.954035 4.00 0.70 0.05
-14.816196 5.722106 4.00 1.00 0.05
-15.148328 5.143828 4.00 1.30 0.05
-15.245108 4.993970 4.00 1.50 0.05
-15.292042 4.923404 4.00 1.70 0.05
-15.324817 4.875141 4.00 2.00 0.05
-14.750131 5.108946 1.00 0.50 0.15
-15.258649 4.529238 1.00 0.70 0.15
-15.610695 4.189360 1.00 1.00 0.15
-15.721562 4.095220 1.00 1.30 0.15
-15.748028 4.076620 1.00 1.50 0.15
-15.764757 4.061094 1.00 1.70 0.15
-15.773568 4.057196 1.00 2.00 0.15
-14.530787 5.037687 2.00 0.50 0.15
-15.370232 3.943656 2.00 0.70 0.15
-16.148737 3.230710 2.00 1.00 0.15
-16.420488 3.035615 2.00 1.30 0.15
-16.480265 2.997286 2.00 1.50 0.15
-16.510708 2.977067 2.00 1.70 0.15
-16.529007 2.966545 2.00 2.00 0.15
-14.419282 5.069006 3.00 0.50 0.15
-15.376032 3.806064 3.00 0.70 0.15
-16.288458 2.999936 3.00 1.00 0.15
-16.619135 2.774687 3.00 1.30 0.15
-16.694538 2.728009 3.00 1.50 0.15
-16.732504 2.704839 3.00 1.70 0.15
-16.752701 2.693322 3.00 2.00 0.15
-14.350178 5.115901 4.00 0.50 0.15
-15.377921 3.772847 4.00 0.70 0.15
-16.322020 2.960799 4.00 1.00 0.15
-16.653257 2.736789 4.00 1.30 0.15
-16.728958 2.689366 4.00 1.50 0.15
-16.767271 2.665488 4.00 1.70 0.15
-16.787020 2.652923 4.00 2.00 0.15
-15.409063 3.313454 1.00 0.50 0.25
-16.229694 2.833588 1.00 0.70 0.25
-16.746332 2.594951 1.00 1.00 0.25
-16.895378 2.536645 1.00 1.30 0.25
-16.928450 2.527608 1.00 1.50 0.25
-16.945911 2.520675 1.00 1.70 0.25
-16.952291 2.521657 1.00 2.00 0.25
-15.243847 3.095765 2.00 0.50 0.25
-16.421637 2.355475 2.00 0.70 0.25
-17.280188 1.970342 2.00 1.00 0.25
-17.543814 1.871470 2.00 1.30 0.25
-17.598864 1.854041 2.00 1.50 0.25
-17.625168 1.844430 2.00 1.70 0.25
-17.636333 1.842341 2.00 2.00 0.25
-15.210949 3.042281 3.00 0.50 0.25
-16.483017 2.271447 3.00 0.70 0.25
-17.364567 1.894518 3.00 1.00 0.25
-17.625992 1.800748 3.00 1.30 0.25
-17.679827 1.783202 3.00 1.50 0.25
-17.708611 1.771131 3.00 1.70 0.25
-17.717901 1.768869 3.00 2.00 0.25
-15.188840 3.031826 4.00 0.50 0.25
-16.505245 2.254032 4.00 0.70 0.25
-17.381405 1.888802 4.00 1.00 0.25
-17.633558 1.798946 4.00 1.30 0.25
-17.684511 1.780294 4.00 1.50 0.25
-17.713816 1.768311 4.00 1.70 0.25
-17.722200 1.765723 4.00 2.00 0.25
-16.114395 2.076762 1.00 0.50 0.35
-17.127928 1.780480 1.00 0.70 0.35
-17.722944 1.645147 1.00 1.00 0.35
-17.887896 1.614495 1.00 1.30 0.35
-17.922785 1.611053 1.00 1.50 0.35
-17.938412 1.609465 1.00 1.70 0.35
-17.942827 1.610509 1.00 2.00 0.35
-16.052114 1.877010 2.00 0.50 0.35
-17.342020 1.471219 2.00 0.70 0.35
-18.136229 1.277371 2.00 1.00 0.35
-18.357273 1.229905 2.00 1.30 0.35
-18.405346 1.221071 2.00 1.50 0.35
-18.423277 1.218297 2.00 1.70 0.35
-18.429037 1.217464 2.00 2.00 0.35
-16.074711 1.832466 3.00 0.50 0.35
-17.409073 1.433965 3.00 0.70 0.35
-18.180962 1.256261 3.00 1.00 0.35
-18.384634 1.214234 3.00 1.30 0.35
-18.430063 1.203182 3.00 1.50 0.35
-18.446844 1.200205 3.00 1.70 0.35
-18.450634 1.200277 3.00 2.00 0.35
-16.077822 1.819883 4.00 0.50 0.35
-17.429123 1.426462 4.00 0.70 0.35
-18.190056 1.255943 4.00 1.00 0.35
-18.387579 1.214985 4.00 1.30 0.35
-18.431915 1.203399 4.00 1.50 0.35
-18.447742 1.200628 4.00 1.70 0.35
-18.451048 1.199929 4.00 2.00 0.35
-14.260636 7.436890 1.00 0.50 0.03
-14.339232 7.335626 1.00 0.70 0.03
-14.412647 7.225101 1.00 1.00 0.03
-14.451544 7.161378 1.00 1.30 0.03
-14.467191 7.134092 1.00 1.50 0.03
-14.478545 7.113390 1.00 1.70 0.03
-14.489957 7.091110 1.00 2.00 0.03
-14.126107 7.710040 2.00 0.50 0.03
-14.265952 7.440104 2.00 0.70 0.03
-14.433142 7.084909 2.00 1.00 0.03
-14.520194 6.906856 2.00 1.30 0.03
-14.550211 6.845309 2.00 1.50 0.03
-14.569023 6.807371 2.00 1.70 0.03
-14.586308 6.769662 2.00 2.00 0.03
-14.017360 7.966550 3.00 0.50 0.03
-14.187643 7.589855 3.00 0.70 0.03
-14.440514 6.984084 3.00 1.00 0.03
-14.592230 6.647965 3.00 1.30 0.03
-14.641976 6.543759 3.00 1.50 0.03
-14.670091 6.484779 3.00 1.70 0.03
-14.692684 6.437072 3.00 2.00 0.03
-13.925726 8.196154 4.00 0.50 0.03
-14.117352 7.748818 4.00 0.70 0.03
-14.429737 6.954283 4.00 1.00 0.03
-14.645062 6.461649 4.00 1.30 0.03
-14.716741 6.309259 4.00 1.50 0.03
-14.755187 6.229132 4.00 1.70 0.03
-14.784035 6.167501 4.00 2.00 0.03
-14.377584 6.694907 1.00 0.50 0.07
-14.602509 6.340164 1.00 0.70 0.07
-14.777184 6.074240 1.00 1.00 0.07
-14.842898 5.981317 1.00 1.30 0.07
-14.862252 5.956052 1.00 1.50 0.07
-14.876033 5.935586 1.00 1.70 0.07
-14.886728 5.921944 1.00 2.00 0.07
-14.190775 6.871825 2.00 0.50 0.07
-14.598053 6.033682 2.00 0.70 0.07
-15.070239 5.225388 2.00 1.00 0.07
-15.263752 4.949971 2.00 1.30 0.07
-15.312688 4.886194 2.00 1.50 0.07
-15.338330 4.853236 2.00 1.70 0.07
-15.358676 4.826973 2.00 2.00 0.07
-14.056304 7.065724 3.00 0.50 0.07
-14.533095 5.981105 3.00 0.70 0.07
-15.192738 4.845224 3.00 1.00 0.07
-15.504520 4.428427 3.00 1.30 0.07
-15.585858 4.331757 3.00 1.50 0.07
-15.625014 4.286291 3.00 1.70 0.07
-15.651926 4.255632 3.00 2.00 0.07
-13.957887 7.240236 4.00 0.50 0.07
-14.482539 6.006879 4.00 0.70 0.07
-15.231702 4.709822 4.00 1.00 0.07
-15.602647 4.222258 4.00 1.30 0.07
-15.702331 4.107870 4.00 1.50 0.07
-15.748861 4.056038 4.00 1.70 0.07
-15.780506 4.020470 4.00 2.00 0.07
-14.481951 6.180596 1.00 0.50 0.10
-14.798060 5.708991 1.00 0.70 0.10
-15.032632 5.389247 1.00 1.00 0.10
-15.114058 5.289544 1.00 1.30 0.10
-15.135738 5.266355 1.00 1.50 0.10
-15.150708 5.247013 1.00 1.70 0.10
-15.160827 5.237631 1.00 2.00 0.10
-14.278569 6.265825 2.00 0.50 0.10
-14.838529 5.233146 2.00 0.70 0.10
-15.442829 4.387828 2.00 1.00 0.10
-15.675113 4.126219 2.00 1.30 0.10
-15.730080 4.068940 2.00 1.50 0.10
-15.758397 4.041336 2.00 1.70 0.10
-15.778906 4.021262 2.00 2.00 0.10
-14.143144 6.403577 3.00 0.50 0.10
-14.794264 5.129732 3.00 0.70 0.10
-15.584537 4.042237 3.00 1.00 0.10
-15.922410 3.691593 3.00 1.30 0.10
-16.005989 3.614428 3.00 1.50 0.10
-16.046124 3.578913 3.00 1.70 0.10
-16.071804 3.555730 3.00 2.00 0.10
-14.052773 6.520518 4.00 0.50 0.10
-14.765987 5.111250 4.00 0.70 0.10
-15.627776 3.947843 4.00 1.00 0.10
-15.998019 3.570899 4.00 1.30 0.10
-16.091612 3.485919 4.00 1.50 0.10
-16.135208 3.448235 4.00 1.70 0.10
-16.163347 3.422465 4.00 2.00 0.10
-15.062328 4.144773 1.00 0.50 0.20
-15.744806 3.588062 1.00 0.70 0.20
-16.193182 3.290000 1.00 1.00 0.20
-16.327047 3.213968 1.00 1.30 0.20
-16.357290 3.199975 1.00 1.50 0.20
-16.374910 3.189440 1.00 1.70 0.20
-16.382542 3.188724 1.00 2.00 0.20
-14.867902 3.947715 2.00 0.50 0.20
-15.915625 3.012783 2.00 0.70 0.20
-16.766321 2.483341 2.00 1.00 0.20
-17.042694 2.347406 2.00 1.30 0.20
-17.100933 2.321900 2.00 1.50 0.20
-17.130322 2.308371 2.00 1.70 0.20
-17.145290 2.302812 2.00 2.00 0.20
-14.797482 3.918175 3.00 0.50 0.20
-15.959378 2.900413 3.00 0.70 0.20
-16.878981 2.351627 3.00 1.00 0.20
-17.174450 2.207875 3.00 1.30 0.20
-17.237581 2.180271 3.00 1.50 0.20
-17.271221 2.165703 3.00 1.70 0.20
-17.285049 2.160258 3.00 2.00 0.20
-14.756536 3.922716 4.00 0.50 0.20
-15.978408 2.874708 4.00 0.70 0.20
-16.903643 2.336197 4.00 1.00 0.20
-17.189926 2.198677 4.00 1.30 0.20
-17.250483 2.171778 4.00 1.50 0.20
-17.284779 2.153751 4.00 1.70 0.20
-17.297434 2.148137 4.00 2.00 0.20
