-14.914268 6.872731 1.00 0.00 0.00 1.00
-14.176492 7.562333 1.00 1.00 0.00 1.00
-14.857832 6.930338 2.00 0.00 0.00 1.00
-14.003375 7.748080 2.00 1.00 0.00 1.00
-14.851376 6.937116 3.00 0.00 0.00 1.00
-13.890861 7.866708 3.00 1.00 0.00 1.00
-14.850974 6.937738 4.00 0.00 0.00 1.00
-13.806007 7.972947 4.00 1.00 0.00 1.00
-14.867426 6.865123 1.00 0.00 1.00 1.00
-14.134889 7.520479 1.00 1.00 1.00 1.00
-14.810874 6.923696 2.00 0.00 1.00 1.00
-13.961294 7.707598 2.00 1.00 1.00 1.00
-14.804408 6.930987 3.00 0.00 1.00 1.00
-13.848205 7.834150 3.00 1.00 1.00 1.00
-14.804022 6.931512 4.00 0.00 1.00 1.00
-13.763215 7.942873 4.00 1.00 1.00 1.00
-14.816883 6.840120 1.00 0.00 2.00 1.00
-14.091907 7.476026 1.00 1.00 2.00 1.00
-14.760250 6.899075 2.00 0.00 2.00 1.00
-13.918324 7.662597 2.00 1.00 2.00 1.00
-14.753749 6.906229 3.00 0.00 2.00 1.00
-13.805023 7.789514 3.00 1.00 2.00 1.00
-14.753345 6.906877 4.00 0.00 2.00 1.00
-13.720215 7.899164 4.00 1.00 2.00 1.00
-15.009414 6.883005 1.00 0.00 0.00 5.00
-14.187084 7.466486 1.00 1.00 0.00 5.00
-14.959076 6.932256 2.00 0.00 0.00 5.00
-14.030273 7.638635 2.00 1.00 0.00 5.00
-14.953365 6.938523 3.00 0.00 0.00 5.00
-13.932665 7.748702 3.00 1.00 0.00 5.00
-14.952897 6.939283 4.00 0.00 0.00 5.00
-13.861095 7.831048 4.00 1.00 0.00 5.00
-15.029969 6.688857 1.00 0.00 0.00 15.00
-14.216742 7.096459 1.00 1.00 0.00 15.00
-14.976385 6.756967 2.00 0.00 0.00 15.00
-14.053012 7.350775 2.00 1.00 0.00 15.00
-14.969989 6.765266 3.00 0.00 0.00 15.00
-13.956713 7.499303 3.00 1.00 0.00 15.00
-14.968966 6.766876 4.00 0.00 0.00 15.00
-13.887822 7.603292 4.00 1.00 0.00 15.00
-15.026843 6.286803 1.00 0.00 0.00 25.00
-14.222962 6.524797 1.00 1.00 0.00 25.00
-14.957646 6.388666 2.00 0.00 0.00 25.00
-14.018193 6.899619 2.00 1.00 0.00 25.00
-14.949313 6.400666 3.00 0.00 0.00 25.00
-13.907915 7.097758 3.00 1.00 0.00 25.00
-14.947657 6.403268 4.00 0.00 0.00 25.00
-13.832859 7.226153 4.00 1.00 0.00 25.00
-15.020061 5.809380 1.00 0.00 0.00 35.00
-14.213349 5.881088 1.00 1.00 0.00 35.00
-14.929161 5.948033 2.00 0.00 0.00 35.00
-13.952132 6.367713 2.00 1.00 0.00 35.00
-14.918426 5.964028 3.00 0.00 0.00 35.00
-13.822265 6.619875 3.00 1.00 0.00 35.00
-14.916051 5.967603 4.00 0.00 0.00 35.00
-13.738809 6.777127 4.00 1.00 0.00 35.00
