-13.924475 7.432803 1.00 5.00
-13.701571 7.809620 2.00 5.00
-13.525464 8.120424 3.00 5.00
-13.372446 8.400929 4.00 5.00
-13.503149 7.107104 1.00 15.00
-13.278522 7.491727 2.00 15.00
-13.101871 7.806563 3.00 15.00
-12.948450 8.089520 4.00 15.00
-13.079389 6.921141 1.00 25.00
-12.852835 7.309974 2.00 25.00
-12.675299 7.627999 3.00 25.00
-12.521422 7.913408 4.00 25.00
-12.638394 6.854393 1.00 35.00
-12.409294 7.248305 2.00 35.00
-12.230505 7.568881 3.00 35.00
-12.075720 7.857185 4.00 35.00
-14.031783 7.536550 1.00 2.50
-13.809230 7.912589 2.00 2.50
-13.633402 8.221689 3.00 2.50
-13.480437 8.501442 4.00 2.50
-13.818364 7.340457 1.00 7.50
-13.595076 7.720789 2.00 7.50
-13.418762 8.034477 3.00 7.50
-13.265608 8.315381 4.00 7.50
-13.713149 7.251138 1.00 10.00
-13.489398 7.632583 2.00 10.00
-13.312915 7.946808 3.00 10.00
-13.159702 8.228523 4.00 10.00
-13.292292 7.001980 1.00 20.00
-13.066728 7.389415 2.00 20.00
-12.889593 7.705990 3.00 20.00
-12.735905 7.990320 4.00 20.00
