-14.135895 7.618923 1.00 5.00
-13.912693 7.995606 2.00 5.00
-13.736620 8.306421 3.00 5.00
-13.583696 8.585620 4.00 5.00
-14.123814 7.502161 1.00 15.00
-13.892439 7.900404 2.00 15.00
-13.713754 8.219929 3.00 15.00
-13.559803 8.501496 4.00 15.00
-14.103637 7.309947 1.00 25.00
-13.856482 7.746791 2.00 25.00
-13.673330 8.075166 3.00 25.00
-13.517259 8.361381 4.00 25.00
-14.072819 7.064414 1.00 35.00
-13.802965 7.554000 2.00 35.00
-13.612929 7.898121 3.00 35.00
-13.453897 8.189388 4.00 35.00
-14.138336 7.635895 1.00 2.50
-13.915650 8.010944 2.00 2.50
-13.739590 8.320461 3.00 2.50
-13.586758 8.600438 4.00 2.50
-14.133764 7.600239 1.00 7.50
-13.909377 7.980959 2.00 7.50
-13.732800 8.293941 3.00 7.50
-13.579568 8.573874 4.00 7.50
-14.130170 7.573428 1.00 10.00
-13.903738 7.959603 2.00 10.00
-13.726724 8.271320 3.00 10.00
-13.573320 8.551379 4.00 10.00
-14.114406 7.420408 1.00 20.00
-13.876242 7.836102 2.00 20.00
-13.695656 8.159079 3.00 20.00
-13.540754 8.443472 4.00 20.00
-13.448561 8.859544 5.00 2.50
-13.445300 8.845997 5.00 5.00
-13.441334 8.834064 5.00 7.50
-13.434901 8.811596 5.00 10.00
-13.421321 8.764713 5.00 15.00
-13.403027 8.692797 5.00 20.00
-13.379663 8.627596 5.00 25.00
-13.311606 8.452921 5.00 35.00
