-14.474541 7.127159 0.25 10.00 1.00 5.00
-14.351659 6.642313 0.25 10.00 2.00 5.00
-14.344255 6.646307 0.25 10.00 3.00 5.00
-14.473213 7.128472 0.25 20.00 1.00 5.00
-14.359698 6.636124 0.25 20.00 2.00 5.00
-14.356241 6.639252 0.25 20.00 3.00 5.00
-14.474312 7.131822 0.25 30.00 1.00 5.00
-14.361497 6.634374 0.25 30.00 2.00 5.00
-14.359827 6.636056 0.25 30.00 3.00 5.00
-14.473213 7.128472 0.50 10.00 1.00 5.00
-14.359593 6.636097 0.50 10.00 2.00 5.00
-14.356111 6.639114 0.50 10.00 3.00 5.00
-14.476289 7.129794 0.50 20.00 1.00 5.00
-14.362070 6.633814 0.50 20.00 2.00 5.00
-14.361137 6.634657 0.50 20.00 3.00 5.00
-14.478074 7.112646 0.50 30.00 1.00 5.00
-14.362410 6.633512 0.50 30.00 2.00 5.00
-14.362100 6.633801 0.50 30.00 3.00 5.00
-14.474312 7.131822 0.75 10.00 1.00 5.00
-14.361371 6.634325 0.75 10.00 2.00 5.00
-14.359598 6.635801 0.75 10.00 3.00 5.00
-14.478074 7.112646 0.75 20.00 1.00 5.00
-14.362396 6.633480 0.75 20.00 2.00 5.00
-14.362058 6.633776 0.75 20.00 3.00 5.00
-14.470359 7.120045 0.75 30.00 1.00 5.00
-14.362445 6.633509 0.75 30.00 2.00 5.00
-14.362385 6.633580 0.75 30.00 3.00 5.00
-14.555706 6.793791 0.25 10.00 1.00 15.00
-14.339112 6.528443 0.25 10.00 2.00 15.00
-14.332986 6.531624 0.25 10.00 3.00 15.00
-14.554396 6.794230 0.25 20.00 1.00 15.00
-14.347242 6.524849 0.25 20.00 2.00 15.00
-14.344050 6.527970 0.25 20.00 3.00 15.00
-14.555333 6.796676 0.25 30.00 1.00 15.00
-14.349104 6.523729 0.25 30.00 2.00 15.00
-14.347525 6.525364 0.25 30.00 3.00 15.00
-14.554396 6.794230 0.50 10.00 1.00 15.00
-14.347193 6.524893 0.50 10.00 2.00 15.00
-14.343995 6.527895 0.50 10.00 3.00 15.00
-14.557322 6.796189 0.50 20.00 1.00 15.00
-14.349766 6.523171 0.50 20.00 2.00 15.00
-14.348804 6.524182 0.50 20.00 3.00 15.00
-14.559237 6.780830 0.50 30.00 1.00 15.00
-14.350129 6.522787 0.50 30.00 2.00 15.00
-14.349807 6.523159 0.50 30.00 3.00 15.00
-14.555333 6.796676 0.75 10.00 1.00 15.00
-14.349055 6.523717 0.75 10.00 2.00 15.00
-14.347424 6.525224 0.75 10.00 3.00 15.00
-14.559237 6.780830 0.75 20.00 1.00 15.00
-14.350120 6.522875 0.75 20.00 2.00 15.00
-14.349800 6.523115 0.75 20.00 3.00 15.00
-14.551771 6.787519 0.75 30.00 1.00 15.00
-14.350158 6.522836 0.75 30.00 2.00 15.00
-14.350137 6.522717 0.75 30.00 3.00 15.00
-14.707685 6.243002 0.25 10.00 1.00 25.00
-14.317837 6.345346 0.25 10.00 2.00 25.00
-14.313176 6.346296 0.25 10.00 3.00 25.00
-14.706443 6.245224 0.25 20.00 1.00 25.00
-14.326707 6.346845 0.25 20.00 2.00 25.00
-14.323865 6.349362 0.25 20.00 3.00 25.00
-14.707390 6.246553 0.25 30.00 1.00 25.00
-14.328846 6.346465 0.25 30.00 2.00 25.00
-14.327288 6.347938 0.25 30.00 3.00 25.00
-14.706443 6.245224 0.50 10.00 1.00 25.00
-14.326682 6.346834 0.50 10.00 2.00 25.00
-14.323836 6.349271 0.50 10.00 3.00 25.00
-14.709194 6.245996 0.50 20.00 1.00 25.00
-14.329616 6.346176 0.50 20.00 2.00 25.00
-14.328708 6.347044 0.50 20.00 3.00 25.00
-14.711433 6.234682 0.50 30.00 1.00 25.00
-14.330043 6.345921 0.50 30.00 2.00 25.00
-14.329694 6.346289 0.50 30.00 3.00 25.00
-14.707390 6.246553 0.75 10.00 1.00 25.00
-14.328815 6.346457 0.75 10.00 2.00 25.00
-14.327252 6.347840 0.75 10.00 3.00 25.00
-14.711433 6.234682 0.75 20.00 1.00 25.00
-14.330040 6.345867 0.75 20.00 2.00 25.00
-14.329700 6.346263 0.75 20.00 3.00 25.00
-14.704020 6.240079 0.75 30.00 1.00 25.00
-14.330092 6.345840 0.75 30.00 2.00 25.00
-14.330057 6.345919 0.75 30.00 3.00 25.00
-14.912381 5.585447 0.25 10.00 1.00 35.00
-14.285626 6.110960 0.25 10.00 2.00 35.00
-14.283016 6.108785 0.25 10.00 3.00 35.00
-14.911097 5.588030 0.25 20.00 1.00 35.00
-14.295555 6.119167 0.25 20.00 2.00 35.00
-14.293102 6.121338 0.25 20.00 3.00 35.00
-14.912005 5.588880 0.25 30.00 1.00 35.00
-14.297859 6.119433 0.25 30.00 2.00 35.00
-14.296484 6.120926 0.25 30.00 3.00 35.00
-14.911097 5.588030 0.50 10.00 1.00 35.00
-14.295527 6.119149 0.50 10.00 2.00 35.00
-14.293098 6.121314 0.50 10.00 3.00 35.00
-14.913614 5.588889 0.50 20.00 1.00 35.00
-14.298750 6.119470 0.50 20.00 2.00 35.00
-14.297892 6.120348 0.50 20.00 3.00 35.00
-14.915868 5.581194 0.50 30.00 1.00 35.00
-14.299322 6.119579 0.50 30.00 2.00 35.00
-14.298998 6.119900 0.50 30.00 3.00 35.00
-14.912005 5.588880 0.75 10.00 1.00 35.00
-14.297825 6.119409 0.75 10.00 2.00 35.00
-14.296452 6.120900 0.75 10.00 3.00 35.00
-14.915868 5.581194 0.75 20.00 1.00 35.00
-14.299319 6.119613 0.75 20.00 2.00 35.00
-14.298988 6.119893 0.75 20.00 3.00 35.00
-14.908773 5.584041 0.75 30.00 1.00 35.00
-14.299396 6.119512 0.75 30.00 2.00 35.00
-14.299342 6.119577 0.75 30.00 3.00 35.00
