-14.058850 7.423070 1.00 5.00
-13.919563 7.917040 2.00 5.00
-13.813524 8.316846 3.00 5.00
-13.723847 8.623718 4.00 5.00
-13.637971 7.085823 1.00 15.00
-13.493269 7.583818 2.00 15.00
-13.384425 7.984637 3.00 15.00
-13.293147 8.284411 4.00 15.00
-13.218052 6.882180 1.00 25.00
-13.069302 7.386423 2.00 25.00
-12.958409 7.785949 3.00 25.00
-12.866217 8.083928 4.00 25.00
-12.783489 6.795819 1.00 35.00
-12.632506 7.292198 2.00 35.00
-12.520033 7.696090 3.00 35.00
-12.426824 8.004114 4.00 35.00
-14.167178 7.526428 1.00 2.50
-14.029711 8.020575 2.00 2.50
-13.925052 8.421686 3.00 2.50
-13.836247 8.727016 4.00 2.50
-13.952766 7.326142 1.00 7.50
-13.811594 7.819848 2.00 7.50
-13.704360 8.226055 3.00 7.50
-13.614480 8.529133 4.00 7.50
-13.847472 7.233978 1.00 10.00
-13.705029 7.734720 2.00 10.00
-13.597058 8.135730 3.00 10.00
-13.506680 8.436175 4.00 10.00
-13.428661 6.970986 1.00 20.00
-13.281940 7.470142 2.00 20.00
-13.171610 7.873241 3.00 20.00
-13.079626 8.175570 4.00 20.00
-13.755280 9.012440 5.00 2.50
-13.642852 8.903637 5.00 5.00
-13.532541 8.806173 5.00 7.50
-13.424364 8.716896 5.00 10.00
-13.209867 8.572231 5.00 15.00
-12.996854 8.455486 5.00 20.00
-12.783394 8.362548 5.00 25.00
-12.343113 8.286464 5.00 35.00
