-14.486312 7.196412 0.25 10.00 1.00 0.00 1.00
-14.372669 6.685349 0.25 10.00 2.00 0.00 1.00
-14.363978 6.687885 0.25 10.00 3.00 0.00 1.00
-14.485100 7.198933 0.25 20.00 1.00 0.00 1.00
-14.381527 6.679377 0.25 20.00 2.00 0.00 1.00
-14.377798 6.682373 0.25 20.00 3.00 0.00 1.00
-14.486011 7.203265 0.25 30.00 1.00 0.00 1.00
-14.383466 6.677835 0.25 30.00 2.00 0.00 1.00
-14.381661 6.679482 0.25 30.00 3.00 0.00 1.00
-14.485100 7.198933 0.50 10.00 1.00 0.00 1.00
-14.381408 6.679480 0.50 10.00 2.00 0.00 1.00
-14.377534 6.682108 0.50 10.00 3.00 0.00 1.00
-14.488108 7.200725 0.50 20.00 1.00 0.00 1.00
-14.384082 6.677324 0.50 20.00 2.00 0.00 1.00
-14.383073 6.678212 0.50 20.00 3.00 0.00 1.00
-14.489721 7.183018 0.50 30.00 1.00 0.00 1.00
-14.384448 6.677065 0.50 30.00 2.00 0.00 1.00
-14.384083 6.677368 0.50 30.00 3.00 0.00 1.00
-14.486011 7.203265 0.75 10.00 1.00 0.00 1.00
-14.383301 6.677937 0.75 10.00 2.00 0.00 1.00
-14.381281 6.679199 0.75 10.00 3.00 0.00 1.00
-14.489721 7.183018 0.75 20.00 1.00 0.00 1.00
-14.384416 6.677101 0.75 20.00 2.00 0.00 1.00
-14.384025 6.677346 0.75 20.00 3.00 0.00 1.00
-14.482236 7.191782 0.75 30.00 1.00 0.00 1.00
-14.384502 6.677131 0.75 30.00 2.00 0.00 1.00
-14.384386 6.677135 0.75 30.00 3.00 0.00 1.00
-14.444566 7.157545 0.25 10.00 1.00 1.00 1.00
-14.334317 6.641170 0.25 10.00 2.00 1.00 1.00
-14.325681 6.642903 0.25 10.00 3.00 1.00 1.00
-14.443286 7.159822 0.25 20.00 1.00 1.00 1.00
-14.342567 6.636375 0.25 20.00 2.00 1.00 1.00
-14.339141 6.638094 0.25 20.00 3.00 1.00 1.00
-14.444261 7.162922 0.25 30.00 1.00 1.00 1.00
-14.344378 6.634763 0.25 30.00 2.00 1.00 1.00
-14.342796 6.635651 0.25 30.00 3.00 1.00 1.00
-14.443286 7.159822 0.50 10.00 1.00 1.00 1.00
-14.342451 6.636144 0.50 10.00 2.00 1.00 1.00
-14.338875 6.637876 0.50 10.00 3.00 1.00 1.00
-14.446404 7.161276 0.50 20.00 1.00 1.00 1.00
-14.345039 6.633951 0.50 20.00 2.00 1.00 1.00
-14.344133 6.634502 0.50 20.00 3.00 1.00 1.00
-14.448312 7.143470 0.50 30.00 1.00 1.00 1.00
-14.345463 6.633505 0.50 30.00 2.00 1.00 1.00
-14.345006 6.634112 0.50 30.00 3.00 1.00 1.00
-14.444261 7.162922 0.75 10.00 1.00 1.00 1.00
-14.344273 6.634331 0.75 10.00 2.00 1.00 1.00
-14.342313 6.635756 0.75 10.00 3.00 1.00 1.00
-14.448312 7.143470 0.75 20.00 1.00 1.00 1.00
-14.345384 6.633605 0.75 20.00 2.00 1.00 1.00
-14.345097 6.633432 0.75 20.00 3.00 1.00 1.00
-14.440557 7.151770 0.75 30.00 1.00 1.00 1.00
-14.345604 6.633085 0.75 30.00 2.00 1.00 1.00
-14.345412 6.633399 0.75 30.00 3.00 1.00 1.00
-14.401633 7.113267 0.25 10.00 1.00 2.00 1.00
-14.294620 6.586956 0.25 10.00 2.00 2.00 1.00
-14.285295 6.588963 0.25 10.00 3.00 2.00 1.00
-14.400410 7.115278 0.25 20.00 1.00 2.00 1.00
-14.302223 6.583808 0.25 20.00 2.00 2.00 1.00
-14.299404 6.584064 0.25 20.00 3.00 2.00 1.00
-14.401447 7.116687 0.25 30.00 1.00 2.00 1.00
-14.304034 6.582321 0.25 30.00 2.00 2.00 1.00
-14.302540 6.583058 0.25 30.00 3.00 2.00 1.00
-14.400410 7.115278 0.50 10.00 1.00 2.00 1.00
-14.302129 6.583652 0.50 10.00 2.00 2.00 1.00
-14.299139 6.583862 0.50 10.00 3.00 2.00 1.00
-14.403630 7.115984 0.50 20.00 1.00 2.00 1.00
-14.304709 6.581717 0.50 20.00 2.00 2.00 1.00
-14.304330 6.581143 0.50 20.00 3.00 2.00 1.00
-14.405718 7.098502 0.50 30.00 1.00 2.00 1.00
-14.305201 6.581007 0.50 30.00 2.00 2.00 1.00
-14.304754 6.581812 0.50 30.00 3.00 2.00 1.00
-14.401447 7.116687 0.75 10.00 1.00 2.00 1.00
-14.303983 6.581820 0.75 10.00 2.00 2.00 1.00
-14.302006 6.583261 0.75 10.00 3.00 2.00 1.00
-14.405718 7.098502 0.75 20.00 1.00 2.00 1.00
-14.305075 6.581335 0.75 20.00 2.00 2.00 1.00
-14.304904 6.581224 0.75 20.00 3.00 2.00 1.00
-14.397766 7.106406 0.75 30.00 1.00 2.00 1.00
-14.305936 6.579317 0.75 30.00 2.00 2.00 1.00
-14.305218 6.580904 0.75 30.00 3.00 2.00 1.00
-14.512262 7.066757 0.25 10.00 1.00 0.00 5.00
-14.367749 6.638458 0.25 10.00 2.00 0.00 5.00
-14.360751 6.641874 0.25 10.00 3.00 0.00 5.00
-14.510845 7.069645 0.25 20.00 1.00 0.00 5.00
-14.375550 6.631354 0.25 20.00 2.00 0.00 5.00
-14.372214 6.634624 0.25 20.00 3.00 0.00 5.00
-14.511940 7.073124 0.25 30.00 1.00 0.00 5.00
-14.377363 6.629669 0.25 30.00 2.00 0.00 5.00
-14.375701 6.631524 0.25 30.00 3.00 0.00 5.00
-14.510845 7.069645 0.50 10.00 1.00 0.00 5.00
-14.375498 6.631310 0.50 10.00 2.00 0.00 5.00
-14.372095 6.634516 0.50 10.00 3.00 0.00 5.00
-14.513966 7.070772 0.50 20.00 1.00 0.00 5.00
-14.377963 6.629086 0.50 20.00 2.00 0.00 5.00
-14.377030 6.630132 0.50 20.00 3.00 0.00 5.00
-14.515642 7.054360 0.50 30.00 1.00 0.00 5.00
-14.378308 6.628751 0.50 30.00 2.00 0.00 5.00
-14.377991 6.629201 0.50 30.00 3.00 0.00 5.00
-14.511940 7.073124 0.75 10.00 1.00 0.00 5.00
-14.377295 6.629599 0.75 10.00 2.00 0.00 5.00
-14.375535 6.631304 0.75 10.00 3.00 0.00 5.00
-14.515642 7.054360 0.75 20.00 1.00 0.00 5.00
-14.378308 6.628740 0.75 20.00 2.00 0.00 5.00
-14.377953 6.629117 0.75 20.00 3.00 0.00 5.00
-14.508117 7.061745 0.75 30.00 1.00 0.00 5.00
-14.378354 6.628715 0.75 30.00 2.00 0.00 5.00
-14.378287 6.628781 0.75 30.00 3.00 0.00 5.00
-14.733643 6.234407 0.25 10.00 1.00 0.00 15.00
-14.335511 6.362192 0.25 10.00 2.00 0.00 15.00
-14.330731 6.363109 0.25 10.00 3.00 0.00 15.00
-14.732377 6.236992 0.25 20.00 1.00 0.00 15.00
-14.344065 6.363542 0.25 20.00 2.00 0.00 15.00
-14.341151 6.366157 0.25 20.00 3.00 0.00 15.00
-14.733337 6.238600 0.25 30.00 1.00 0.00 15.00
-14.346052 6.363191 0.25 30.00 2.00 0.00 15.00
-14.344539 6.365106 0.25 30.00 3.00 0.00 15.00
-14.732377 6.236992 0.50 10.00 1.00 0.00 15.00
-14.344042 6.363470 0.50 10.00 2.00 0.00 15.00
-14.341095 6.366113 0.50 10.00 3.00 0.00 15.00
-14.735085 6.238049 0.50 20.00 1.00 0.00 15.00
-14.346757 6.363033 0.50 20.00 2.00 0.00 15.00
-14.345831 6.364370 0.50 20.00 3.00 0.00 15.00
-14.737029 6.226072 0.50 30.00 1.00 0.00 15.00
-14.347143 6.362521 0.50 30.00 2.00 0.00 15.00
-14.346815 6.363090 0.50 30.00 3.00 0.00 15.00
-14.733337 6.238600 0.75 10.00 1.00 0.00 15.00
-14.346013 6.363189 0.75 10.00 2.00 0.00 15.00
-14.344501 6.364900 0.75 10.00 3.00 0.00 15.00
-14.737029 6.226072 0.75 20.00 1.00 0.00 15.00
-14.347138 6.362521 0.75 20.00 2.00 0.00 15.00
-14.346818 6.363079 0.75 20.00 3.00 0.00 15.00
-14.729875 6.231311 0.75 30.00 1.00 0.00 15.00
-14.347203 6.362499 0.75 30.00 2.00 0.00 15.00
-14.347150 6.362566 0.75 30.00 3.00 0.00 15.00
-15.100263 5.086523 0.25 10.00 1.00 0.00 25.00
-14.264348 5.942895 0.25 10.00 2.00 0.00 25.00
-14.263396 5.938063 0.25 10.00 3.00 0.00 25.00
-15.099392 5.089487 0.25 20.00 1.00 0.00 25.00
-14.274345 5.952396 0.25 20.00 2.00 0.00 25.00
-14.272217 5.954167 0.25 20.00 3.00 0.00 25.00
-15.100272 5.089835 0.25 30.00 1.00 0.00 25.00
-14.276790 5.952963 0.25 30.00 2.00 0.00 25.00
-14.275508 5.954343 0.25 30.00 3.00 0.00 25.00
-15.099392 5.089487 0.50 10.00 1.00 0.00 25.00
-14.274319 5.952359 0.50 10.00 2.00 0.00 25.00
-14.272196 5.954127 0.50 10.00 3.00 0.00 25.00
-15.101660 5.089581 0.50 20.00 1.00 0.00 25.00
-14.277711 5.953020 0.50 20.00 2.00 0.00 25.00
-14.276914 5.954016 0.50 20.00 3.00 0.00 25.00
-15.103502 5.081461 0.50 30.00 1.00 0.00 25.00
-14.278286 5.952752 0.50 30.00 2.00 0.00 25.00
-14.277992 5.953433 0.50 30.00 3.00 0.00 25.00
-15.100272 5.089835 0.75 10.00 1.00 0.00 25.00
-14.276755 5.952931 0.75 10.00 2.00 0.00 25.00
-14.275494 5.954318 0.75 10.00 3.00 0.00 25.00
-15.103502 5.081461 0.75 20.00 1.00 0.00 25.00
-14.278284 5.952761 0.75 20.00 2.00 0.00 25.00
-14.277977 5.953390 0.75 20.00 3.00 0.00 25.00
-15.097137 5.085261 0.75 30.00 1.00 0.00 25.00
-14.278337 5.952651 0.75 30.00 2.00 0.00 25.00
-14.278315 5.952779 0.75 30.00 3.00 0.00 25.00
-15.532970 4.055136 0.25 10.00 1.00 0.00 35.00
-14.161429 5.464861 0.25 10.00 2.00 0.00 35.00
-14.166315 5.452571 0.25 10.00 3.00 0.00 35.00
-15.532055 4.057285 0.25 20.00 1.00 0.00 35.00
-14.173823 5.484704 0.25 20.00 2.00 0.00 35.00
-14.172848 5.484941 0.25 20.00 3.00 0.00 35.00
-15.532886 4.057856 0.25 30.00 1.00 0.00 35.00
-14.176888 5.486460 0.25 30.00 2.00 0.00 35.00
-14.175983 5.487626 0.25 30.00 3.00 0.00 35.00
-15.532055 4.057285 0.50 10.00 1.00 0.00 35.00
-14.173784 5.484664 0.50 10.00 2.00 0.00 35.00
-14.172825 5.484855 0.50 10.00 3.00 0.00 35.00
-15.534088 4.057632 0.50 20.00 1.00 0.00 35.00
-14.178000 5.487263 0.50 20.00 2.00 0.00 35.00
-14.177400 5.488123 0.50 20.00 3.00 0.00 35.00
-15.536055 4.052493 0.50 30.00 1.00 0.00 35.00
-14.178851 5.487485 0.50 30.00 2.00 0.00 35.00
-14.178544 5.487954 0.50 30.00 3.00 0.00 35.00
-15.532886 4.057856 0.75 10.00 1.00 0.00 35.00
-14.176854 5.486434 0.75 10.00 2.00 0.00 35.00
-14.175957 5.487609 0.75 10.00 3.00 0.00 35.00
-15.536055 4.052493 0.75 20.00 1.00 0.00 35.00
-14.178850 5.487479 0.75 20.00 2.00 0.00 35.00
-14.178531 5.487961 0.75 20.00 3.00 0.00 35.00
-15.529869 4.054564 0.75 30.00 1.00 0.00 35.00
-14.178881 5.487250 0.75 30.00 2.00 0.00 35.00
-14.178943 5.487431 0.75 30.00 3.00 0.00 35.00
