-13.930803 7.422388 1.00 0.00 5.00 5.00
-13.926499 7.429500 1.00 0.00 15.00 5.00
-13.925632 7.430946 1.00 0.00 25.00 5.00
-13.925261 7.431617 1.00 0.00 35.00 5.00
-13.735492 7.751225 2.00 0.00 5.00 5.00
-13.712480 7.790955 2.00 0.00 15.00 5.00
-13.708037 7.798601 2.00 0.00 25.00 5.00
-13.706186 7.801856 2.00 0.00 35.00 5.00
-13.611926 7.966191 3.00 0.00 5.00 5.00
-13.553474 8.070968 3.00 0.00 15.00 5.00
-13.542083 8.091427 3.00 0.00 25.00 5.00
-13.537265 8.099815 3.00 0.00 35.00 5.00
-13.538556 8.095369 4.00 0.00 5.00 5.00
-13.428018 8.299258 4.00 0.00 15.00 5.00
-13.405468 8.340591 4.00 0.00 25.00 5.00
-13.395908 8.358092 4.00 0.00 35.00 5.00
-13.509470 7.096721 1.00 0.00 5.00 15.00
-13.505206 7.103645 1.00 0.00 15.00 15.00
-13.504356 7.105017 1.00 0.00 25.00 15.00
-13.503971 7.105597 1.00 0.00 35.00 15.00
-13.312613 7.431841 2.00 0.00 5.00 15.00
-13.289516 7.472484 2.00 0.00 15.00 15.00
-13.285053 7.480366 2.00 0.00 25.00 15.00
-13.283173 7.483603 2.00 0.00 35.00 15.00
-13.188511 7.650446 3.00 0.00 5.00 15.00
-13.129896 7.756510 3.00 0.00 15.00 15.00
-13.118529 7.776766 3.00 0.00 25.00 15.00
-13.113716 7.785278 3.00 0.00 35.00 15.00
-13.114900 7.781147 4.00 0.00 5.00 15.00
-13.004141 7.987055 4.00 0.00 15.00 15.00
-12.981538 8.028662 4.00 0.00 25.00 15.00
-12.971954 8.046355 4.00 0.00 35.00 15.00
-13.085736 6.910597 1.00 0.00 5.00 25.00
-13.081447 6.917888 1.00 0.00 15.00 25.00
-13.080569 6.919281 1.00 0.00 25.00 25.00
-13.080188 6.919974 1.00 0.00 35.00 25.00
-12.887057 7.249963 2.00 0.00 5.00 25.00
-12.863828 7.291014 2.00 0.00 15.00 25.00
-12.859383 7.298726 2.00 0.00 25.00 25.00
-12.857508 7.301979 2.00 0.00 35.00 25.00
-12.762277 7.470976 3.00 0.00 5.00 25.00
-12.703395 7.577746 3.00 0.00 15.00 25.00
-12.691965 7.598065 3.00 0.00 25.00 25.00
-12.687148 7.606772 3.00 0.00 35.00 25.00
-12.688347 7.602719 4.00 0.00 5.00 25.00
-12.577283 7.810078 4.00 0.00 15.00 25.00
-12.554588 7.852209 4.00 0.00 25.00 25.00
-12.544964 7.869975 4.00 0.00 35.00 25.00
-12.644817 6.844151 1.00 0.00 5.00 35.00
-12.640507 6.851131 1.00 0.00 15.00 35.00
-12.639632 6.852462 1.00 0.00 25.00 35.00
-12.639225 6.853137 1.00 0.00 35.00 35.00
-12.443744 7.188190 2.00 0.00 5.00 35.00
-12.420341 7.229080 2.00 0.00 15.00 35.00
-12.415862 7.237004 2.00 0.00 25.00 35.00
-12.413967 7.240314 2.00 0.00 35.00 35.00
-12.317992 7.410727 3.00 0.00 5.00 35.00
-12.258762 7.518287 3.00 0.00 15.00 35.00
-12.247272 7.539099 3.00 0.00 25.00 35.00
-12.242441 7.547442 3.00 0.00 35.00 35.00
-12.243653 7.543548 4.00 0.00 5.00 35.00
-12.131817 7.752956 4.00 0.00 15.00 35.00
-12.109034 7.795634 4.00 0.00 25.00 35.00
-12.099429 7.813437 4.00 0.00 35.00 35.00
-14.038117 7.526217 1.00 0.00 5.00 2.50
-14.033811 7.533171 1.00 0.00 15.00 2.50
-14.032960 7.534603 1.00 0.00 25.00 2.50
-14.032578 7.535358 1.00 0.00 35.00 2.50
-13.843206 7.853856 2.00 0.00 5.00 2.50
-13.820146 7.893826 2.00 0.00 15.00 2.50
-13.815746 7.901406 2.00 0.00 25.00 2.50
-13.813877 7.904574 2.00 0.00 35.00 2.50
-13.719743 8.068816 3.00 0.00 5.00 2.50
-13.661365 8.172184 3.00 0.00 15.00 2.50
-13.649993 8.192416 3.00 0.00 25.00 2.50
-13.645204 8.200886 3.00 0.00 35.00 2.50
-13.646442 8.196329 4.00 0.00 5.00 2.50
-13.535992 8.399683 4.00 0.00 15.00 2.50
-13.513455 8.441305 4.00 0.00 25.00 2.50
-13.503907 8.458868 4.00 0.00 35.00 2.50
-13.824693 7.330261 1.00 0.00 5.00 7.50
-13.820371 7.337151 1.00 0.00 15.00 7.50
-13.819518 7.338554 1.00 0.00 25.00 7.50
-13.819156 7.339165 1.00 0.00 35.00 7.50
-13.629085 7.661337 2.00 0.00 5.00 7.50
-13.606012 7.701818 2.00 0.00 15.00 7.50
-13.601593 7.709406 2.00 0.00 25.00 7.50
-13.599689 7.712658 2.00 0.00 35.00 7.50
-13.505227 7.879138 3.00 0.00 5.00 7.50
-13.446742 7.984911 3.00 0.00 15.00 7.50
-13.435400 8.005054 3.00 0.00 25.00 7.50
-13.430555 8.013564 3.00 0.00 35.00 7.50
-13.431802 8.009083 4.00 0.00 5.00 7.50
-13.321273 8.213531 4.00 0.00 15.00 7.50
-13.298681 8.255204 4.00 0.00 25.00 7.50
-13.289098 8.272708 4.00 0.00 35.00 7.50
-13.719460 7.240753 1.00 0.00 5.00 10.00
-13.715172 7.247869 1.00 0.00 15.00 10.00
-13.714304 7.249291 1.00 0.00 25.00 10.00
-13.713924 7.249915 1.00 0.00 35.00 10.00
-13.523438 7.573113 2.00 0.00 5.00 10.00
-13.500333 7.613552 2.00 0.00 15.00 10.00
-13.495930 7.621171 2.00 0.00 25.00 10.00
-13.494057 7.624520 2.00 0.00 35.00 10.00
-13.399485 7.791393 3.00 0.00 5.00 10.00
-13.340933 7.896889 3.00 0.00 15.00 10.00
-13.329554 7.917276 3.00 0.00 25.00 10.00
-13.324733 7.925803 3.00 0.00 35.00 10.00
-13.326011 7.921383 4.00 0.00 5.00 10.00
-13.215302 8.126477 4.00 0.00 15.00 10.00
-13.192777 8.168011 4.00 0.00 25.00 10.00
-13.183194 8.185636 4.00 0.00 35.00 10.00
-13.298640 6.991594 1.00 0.00 5.00 20.00
-13.294356 6.998555 1.00 0.00 15.00 20.00
-13.293487 6.999995 1.00 0.00 25.00 20.00
-13.293095 7.000696 1.00 0.00 35.00 20.00
-13.100872 7.329616 2.00 0.00 5.00 20.00
-13.077705 7.370359 2.00 0.00 15.00 20.00
-13.073246 7.378117 2.00 0.00 25.00 20.00
-13.071373 7.381339 2.00 0.00 35.00 20.00
-12.976393 7.549949 3.00 0.00 5.00 20.00
-12.917600 7.656530 3.00 0.00 15.00 20.00
-12.906251 7.676660 3.00 0.00 25.00 20.00
-12.901432 7.685270 3.00 0.00 35.00 20.00
-12.902655 7.680856 4.00 0.00 5.00 20.00
-12.791705 7.887473 4.00 0.00 15.00 20.00
-12.769026 7.929602 4.00 0.00 25.00 20.00
-12.759435 7.947077 4.00 0.00 35.00 20.00
-13.609235 8.261576 5.00 0.00 5.00 2.50
-13.437252 8.583436 5.00 0.00 15.00 2.50
-13.398870 8.656084 5.00 0.00 25.00 2.50
-13.382454 8.687037 5.00 0.00 35.00 2.50
-13.501181 8.159631 5.00 0.00 5.00 5.00
-13.329123 8.482074 5.00 0.00 15.00 5.00
-13.290715 8.554961 5.00 0.00 25.00 5.00
-13.274283 8.585840 5.00 0.00 35.00 5.00
-13.394330 8.073608 5.00 0.00 5.00 7.50
-13.222191 8.397257 5.00 0.00 15.00 7.50
-13.183768 8.470129 5.00 0.00 25.00 7.50
-13.167354 8.501097 5.00 0.00 35.00 7.50
-13.288116 7.988761 5.00 0.00 5.00 10.00
-13.115850 8.313596 5.00 0.00 15.00 10.00
-13.077450 8.386572 5.00 0.00 25.00 10.00
-13.061031 8.417542 5.00 0.00 35.00 10.00
-13.077392 7.848428 5.00 0.00 5.00 15.00
-12.905006 8.173794 5.00 0.00 15.00 15.00
-12.866564 8.247065 5.00 0.00 25.00 15.00
-12.850110 8.278452 5.00 0.00 35.00 15.00
-12.865029 7.746459 5.00 0.00 5.00 20.00
-12.692430 8.073453 5.00 0.00 15.00 20.00
-12.653978 8.147135 5.00 0.00 25.00 20.00
-12.637501 8.178493 5.00 0.00 35.00 20.00
-12.650824 7.668499 5.00 0.00 5.00 25.00
-12.477944 7.996314 5.00 0.00 15.00 25.00
-12.439384 8.070704 5.00 0.00 25.00 25.00
-12.422909 8.102055 5.00 0.00 35.00 25.00
-12.205952 7.608604 5.00 0.00 5.00 35.00
-12.032009 7.940705 5.00 0.00 15.00 35.00
-11.993295 8.016068 5.00 0.00 25.00 35.00
-11.976724 8.047811 5.00 0.00 35.00 35.00
