-14.302339 7.550662 1.00 5.00
-14.167466 8.037753 2.00 5.00
-14.065991 8.419550 3.00 5.00
-13.979519 8.710862 4.00 5.00
-14.388586 7.200860 1.00 15.00
-14.228292 7.824391 2.00 15.00
-14.127153 8.151603 3.00 15.00
-14.041762 8.418709 4.00 15.00
-14.603694 6.061529 1.00 25.00
-14.312065 7.469262 2.00 25.00
-14.195096 7.862982 3.00 25.00
-14.105883 8.107486 4.00 25.00
-14.918480 4.473158 1.00 35.00
-14.525998 6.210443 2.00 35.00
-14.304440 7.259696 3.00 35.00
-14.175060 7.728407 4.00 35.00
-14.285875 7.604691 1.00 2.50
-14.151773 8.092597 2.00 2.50
-14.049500 8.488752 3.00 2.50
-13.962356 8.789331 4.00 2.50
-14.314962 7.513019 1.00 7.50
-14.179043 8.003712 2.00 7.50
-14.078465 8.374347 3.00 7.50
-13.991817 8.658438 4.00 7.50
-14.336577 7.428577 1.00 10.00
-14.196739 7.933260 2.00 10.00
-14.095467 8.289147 3.00 10.00
-14.009958 8.564564 4.00 10.00
-14.475036 6.746600 1.00 20.00
-14.262886 7.692859 2.00 20.00
-14.158588 8.025059 3.00 20.00
-14.072030 8.278150 4.00 20.00
