-15.013906 6.883841 1.00 0.00 5.00
-14.160155 7.495352 1.00 1.00 5.00
-14.962552 6.935632 2.00 0.00 5.00
-13.998446 7.666874 2.00 1.00 5.00
-14.956761 6.942038 3.00 0.00 5.00
-13.897003 7.777021 3.00 1.00 5.00
-14.956347 6.942785 4.00 0.00 5.00
-13.822633 7.861645 4.00 1.00 5.00
-15.052670 6.828253 1.00 0.00 15.00
-14.183362 7.331080 1.00 1.00 15.00
-15.004375 6.882929 2.00 0.00 15.00
-14.031466 7.529751 2.00 1.00 15.00
-14.998680 6.890132 3.00 0.00 15.00
-13.938446 7.656032 3.00 1.00 15.00
-14.997985 6.891127 4.00 0.00 15.00
-13.871342 7.745336 4.00 1.00 15.00
-15.070736 6.693972 1.00 0.00 25.00
-14.206090 7.076094 1.00 1.00 25.00
-15.018896 6.762230 2.00 0.00 25.00
-14.044547 7.330179 2.00 1.00 25.00
-15.012500 6.770940 3.00 0.00 25.00
-13.949004 7.480265 3.00 1.00 25.00
-15.011470 6.772565 4.00 0.00 25.00
-13.881221 7.584119 4.00 1.00 25.00
-15.086932 6.471203 1.00 0.00 35.00
-14.225548 6.751179 1.00 1.00 35.00
-15.027810 6.555161 2.00 0.00 35.00
-14.044146 7.061964 2.00 1.00 35.00
-15.020322 6.565981 3.00 0.00 35.00
-13.941782 7.236660 3.00 1.00 35.00
-15.018891 6.568337 4.00 0.00 35.00
-13.870798 7.355023 4.00 1.00 35.00
-14.947427 6.882441 1.00 0.00 2.50
-14.155795 7.531507 1.00 1.00 2.50
-14.892433 6.938571 2.00 0.00 2.50
-13.984433 7.711119 2.00 1.00 2.50
-14.886179 6.944918 3.00 0.00 2.50
-13.873466 7.827799 3.00 1.00 2.50
-14.885786 6.945555 4.00 0.00 2.50
-13.790646 7.923270 4.00 1.00 2.50
-15.030556 6.880939 1.00 0.00 7.50
-14.163892 7.469393 1.00 1.00 7.50
-14.980477 6.932548 2.00 0.00 7.50
-14.005837 7.646039 2.00 1.00 7.50
-14.974800 6.939272 3.00 0.00 7.50
-13.908014 7.763667 3.00 1.00 7.50
-14.974371 6.940013 4.00 0.00 7.50
-13.836386 7.855136 4.00 1.00 7.50
-15.042232 6.877987 1.00 0.00 10.00
-14.171371 7.428164 1.00 1.00 10.00
-14.993662 6.929468 2.00 0.00 10.00
-14.018250 7.610542 2.00 1.00 10.00
-14.988098 6.936104 3.00 0.00 10.00
-13.923738 7.728553 3.00 1.00 10.00
-14.987571 6.936951 4.00 0.00 10.00
-13.855112 7.815546 4.00 1.00 10.00
-15.059514 6.774822 1.00 0.00 20.00
-14.195564 7.220387 1.00 1.00 20.00
-15.010057 6.835826 2.00 0.00 20.00
-14.041186 7.444891 2.00 1.00 20.00
-15.004059 6.843706 3.00 0.00 20.00
-13.947885 7.583727 3.00 1.00 20.00
-15.003197 6.845125 4.00 0.00 20.00
-13.880916 7.683812 4.00 1.00 20.00
-14.885055 6.939679 5.00 0.00 2.50
-13.724351 8.006964 5.00 1.00 2.50
-14.955114 6.942968 5.00 0.00 5.00
-13.764429 7.935340 5.00 1.00 5.00
-14.975786 6.942618 5.00 0.00 7.50
-13.781878 7.918808 5.00 1.00 7.50
-14.990177 6.932858 5.00 0.00 10.00
-13.801589 7.877232 5.00 1.00 10.00
-14.998684 6.909318 5.00 0.00 15.00
-13.818535 7.821508 5.00 1.00 15.00
-15.009808 6.836036 5.00 0.00 20.00
-13.830179 7.742441 5.00 1.00 20.00
-15.012713 6.768367 5.00 0.00 25.00
-13.831224 7.666586 5.00 1.00 25.00
-15.019722 6.579106 5.00 0.00 35.00
-13.814838 7.440892 5.00 1.00 35.00
