-14.248422 7.536569 1.00 0.50 5.00
-14.297766 7.471562 1.00 0.70 5.00
-14.353992 7.387140 1.00 1.00 5.00
-14.390629 7.325786 1.00 1.30 5.00
-14.407307 7.296643 1.00 1.50 5.00
-14.419429 7.273653 1.00 1.70 5.00
-14.432412 7.249292 1.00 2.00 5.00
-14.120975 7.829038 2.00 0.50 5.00
-14.205036 7.696424 2.00 0.70 5.00
-14.303254 7.520551 2.00 1.00 5.00
-14.366312 7.396035 2.00 1.30 5.00
-14.393219 7.339111 2.00 1.50 5.00
-14.411844 7.298002 2.00 1.70 5.00
-14.429621 7.255666 2.00 2.00 5.00
-14.020459 8.079713 3.00 0.50 5.00
-14.132299 7.888309 3.00 0.70 5.00
-14.265001 7.623418 3.00 1.00 5.00
-14.350487 7.439408 3.00 1.30 5.00
-14.386174 7.358688 3.00 1.50 5.00
-14.409982 7.301632 3.00 1.70 5.00
-14.431601 7.246568 3.00 2.00 5.00
-13.933325 8.307844 4.00 0.50 5.00
-14.068789 8.065381 4.00 0.70 5.00
-14.230517 7.725615 4.00 1.00 5.00
-14.335647 7.486551 4.00 1.30 5.00
-14.378979 7.383495 4.00 1.50 5.00
-14.407414 7.312716 4.00 1.70 5.00
-14.432343 7.246137 4.00 2.00 5.00
-14.240235 7.437672 1.00 0.50 15.00
-14.297603 7.360055 1.00 0.70 15.00
-14.368687 7.246231 1.00 1.00 15.00
-14.418776 7.153762 1.00 1.30 15.00
-14.441831 7.105227 1.00 1.50 15.00
-14.459929 7.068607 1.00 1.70 15.00
-14.479105 7.024976 1.00 2.00 15.00
-14.102137 7.749632 2.00 0.50 15.00
-14.197144 7.598853 2.00 0.70 15.00
-14.316813 7.372889 2.00 1.00 15.00
-14.399706 7.197353 2.00 1.30 15.00
-14.436912 7.112427 2.00 1.50 15.00
-14.463522 7.048590 2.00 1.70 15.00
-14.489425 6.983795 2.00 2.00 15.00
-13.995105 8.004735 3.00 0.50 15.00
-14.119274 7.793271 3.00 0.70 15.00
-14.276842 7.476667 3.00 1.00 15.00
-14.385716 7.232896 3.00 1.30 15.00
-14.433407 7.120544 3.00 1.50 15.00
-14.466294 7.039418 3.00 1.70 15.00
-14.496832 6.960073 3.00 2.00 15.00
-13.902945 8.231184 4.00 0.50 15.00
-14.051940 7.969856 4.00 0.70 15.00
-14.241088 7.574899 4.00 1.00 15.00
-14.371722 7.274973 4.00 1.30 15.00
-14.428293 7.138009 4.00 1.50 15.00
-14.466257 7.042270 4.00 1.70 15.00
-14.500594 6.951134 4.00 2.00 15.00
-14.254391 7.246042 1.00 0.50 25.00
-14.332250 7.134164 1.00 0.70 25.00
-14.431602 6.959782 1.00 1.00 25.00
-14.503951 6.815640 1.00 1.30 25.00
-14.536938 6.741137 1.00 1.50 25.00
-14.562224 6.684448 1.00 1.70 25.00
-14.590202 6.614581 1.00 2.00 25.00
-14.103146 7.579868 2.00 0.50 25.00
-14.224687 7.372868 2.00 0.70 25.00
-14.384208 7.048341 2.00 1.00 25.00
-14.497555 6.791224 2.00 1.30 25.00
-14.548992 6.670341 2.00 1.50 25.00
-14.585779 6.581241 2.00 1.70 25.00
-14.620716 6.491772 2.00 2.00 25.00
-13.991007 7.837718 3.00 0.50 25.00
-14.143912 7.561270 3.00 0.70 25.00
-14.346027 7.133337 3.00 1.00 25.00
-14.489104 6.801465 3.00 1.30 25.00
-14.552564 6.652383 3.00 1.50 25.00
-14.596243 6.546517 3.00 1.70 25.00
-14.635813 6.443496 3.00 2.00 25.00
-13.895485 8.061495 4.00 0.50 25.00
-14.074181 7.731273 4.00 0.70 25.00
-14.310923 7.219783 4.00 1.00 25.00
-14.477880 6.827808 4.00 1.30 25.00
-14.550956 6.655767 4.00 1.50 25.00
-14.600124 6.536064 4.00 1.70 25.00
-14.643389 6.423443 4.00 2.00 25.00
-14.289159 6.974348 1.00 0.50 35.00
-14.398856 6.810919 1.00 0.70 35.00
-14.537324 6.553415 1.00 1.00 35.00
-14.637046 6.351386 1.00 1.30 35.00
-14.682345 6.251771 1.00 1.50 35.00
-14.715894 6.172998 1.00 1.70 35.00
-14.753283 6.079226 1.00 2.00 35.00
-14.123783 7.335728 2.00 0.50 35.00
-14.286108 7.041620 2.00 0.70 35.00
-14.500344 6.589614 2.00 1.00 35.00
-14.650090 6.248610 2.00 1.30 35.00
-14.716798 6.094259 2.00 1.50 35.00
-14.763470 5.983572 2.00 1.70 35.00
-14.807491 5.873179 2.00 2.00 35.00
-14.007666 7.587888 3.00 0.50 35.00
-14.204659 7.213018 3.00 0.70 35.00
-14.466748 6.644487 3.00 1.00 35.00
-14.649702 6.223448 3.00 1.30 35.00
-14.729496 6.040229 3.00 1.50 35.00
-14.783255 5.916963 3.00 1.70 35.00
-14.830652 5.801604 3.00 2.00 35.00
-13.910090 7.803991 4.00 0.50 35.00
-14.135058 7.365413 4.00 0.70 35.00
-14.434207 6.708127 4.00 1.00 35.00
-14.642726 6.229990 4.00 1.30 35.00
-14.732492 6.027092 4.00 1.50 35.00
-14.791592 5.893618 4.00 1.70 35.00
-14.841887 5.771964 4.00 2.00 35.00
