-14.256684 6.956037 0.25 10.00 1.00 5.00
-14.155571 6.408197 0.25 10.00 2.00 5.00
-14.145935 6.415244 0.25 10.00 3.00 5.00
-14.255123 6.957388 0.25 20.00 1.00 5.00
-14.162087 6.409068 0.25 20.00 2.00 5.00
-14.160243 6.406181 0.25 20.00 3.00 5.00
-14.255968 6.959120 0.25 30.00 1.00 5.00
-14.163839 6.407510 0.25 30.00 2.00 5.00
-14.162284 6.409112 0.25 30.00 3.00 5.00
-14.255123 6.957388 0.50 10.00 1.00 5.00
-14.161979 6.409110 0.50 10.00 2.00 5.00
-14.160070 6.405976 0.50 10.00 3.00 5.00
-14.258349 6.958555 0.50 20.00 1.00 5.00
-14.164484 6.406969 0.50 20.00 2.00 5.00
-14.165128 6.401965 0.50 20.00 3.00 5.00
-14.261042 6.943678 0.50 30.00 1.00 5.00
-14.164896 6.406969 0.50 30.00 2.00 5.00
-14.164633 6.407285 0.50 30.00 3.00 5.00
-14.255968 6.959120 0.75 10.00 1.00 5.00
-14.163753 6.407497 0.75 10.00 2.00 5.00
-14.161983 6.408888 0.75 10.00 3.00 5.00
-14.261042 6.943678 0.75 20.00 1.00 5.00
-14.164862 6.406924 0.75 20.00 2.00 5.00
-14.164643 6.407311 0.75 20.00 3.00 5.00
-14.252524 6.947752 0.75 30.00 1.00 5.00
-14.166570 6.401061 0.75 30.00 2.00 5.00
-14.164962 6.407127 0.75 30.00 3.00 5.00
-13.849819 6.590114 0.25 10.00 1.00 15.00
-13.767616 5.983682 0.25 10.00 2.00 15.00
-13.757085 5.984188 0.25 10.00 3.00 15.00
-13.847813 6.589092 0.25 20.00 1.00 15.00
-13.773520 5.980998 0.25 20.00 2.00 15.00
-13.772480 5.981373 0.25 20.00 3.00 15.00
-13.848062 6.588237 0.25 30.00 1.00 15.00
-13.775320 5.979933 0.25 30.00 2.00 15.00
-13.773850 5.980880 0.25 30.00 3.00 15.00
-13.847813 6.589092 0.50 10.00 1.00 15.00
-13.773460 5.980996 0.50 10.00 2.00 15.00
-13.772364 5.981231 0.50 10.00 3.00 15.00
-13.850583 6.592941 0.50 20.00 1.00 15.00
-13.775984 5.979292 0.50 20.00 2.00 15.00
-13.777515 5.978088 0.50 20.00 3.00 15.00
-13.855395 6.585339 0.50 30.00 1.00 15.00
-13.776527 5.978958 0.50 30.00 2.00 15.00
-13.776416 5.979258 0.50 30.00 3.00 15.00
-13.848062 6.588237 0.75 10.00 1.00 15.00
-13.775278 5.979850 0.75 10.00 2.00 15.00
-13.773621 5.980833 0.75 10.00 3.00 15.00
-13.855395 6.585339 0.75 20.00 1.00 15.00
-13.776476 5.978998 0.75 20.00 2.00 15.00
-13.776420 5.979377 0.75 20.00 3.00 15.00
-13.846088 6.584125 0.75 30.00 1.00 15.00
-13.779066 5.977236 0.75 30.00 2.00 15.00
-13.776712 5.979150 0.75 30.00 3.00 15.00
-13.440904 6.367089 0.25 10.00 1.00 25.00
-13.383389 5.667485 0.25 10.00 2.00 25.00
-13.370262 5.672142 0.25 10.00 3.00 25.00
-13.439213 6.367792 0.25 20.00 1.00 25.00
-13.387559 5.668729 0.25 20.00 2.00 25.00
-13.388693 5.664468 0.25 20.00 3.00 25.00
-13.439465 6.366302 0.25 30.00 1.00 25.00
-13.389377 5.667146 0.25 30.00 2.00 25.00
-13.387979 5.668466 0.25 30.00 3.00 25.00
-13.439213 6.367792 0.50 10.00 1.00 25.00
-13.387515 5.668676 0.50 10.00 2.00 25.00
-13.388622 5.664327 0.50 10.00 3.00 25.00
-13.441449 6.368933 0.50 20.00 1.00 25.00
-13.390144 5.666643 0.50 20.00 2.00 25.00
-13.393850 5.660961 0.50 20.00 3.00 25.00
-13.448368 6.372056 0.50 30.00 1.00 25.00
-13.390790 5.666212 0.50 30.00 2.00 25.00
-13.390878 5.666665 0.50 30.00 3.00 25.00
-13.439465 6.366302 0.75 10.00 1.00 25.00
-13.389393 5.667089 0.75 10.00 2.00 25.00
-13.387796 5.668446 0.75 10.00 3.00 25.00
-13.448368 6.372056 0.75 20.00 1.00 25.00
-13.390733 5.666279 0.75 20.00 2.00 25.00
-13.390903 5.666613 0.75 20.00 3.00 25.00
-13.438032 6.364724 0.75 30.00 1.00 25.00
-13.395538 5.660024 0.75 30.00 2.00 25.00
-13.391132 5.666276 0.75 30.00 3.00 25.00
-13.016296 6.266311 0.25 10.00 1.00 35.00
-12.989767 5.433113 0.25 10.00 2.00 35.00
-12.974199 5.438154 0.25 10.00 3.00 35.00
-13.014170 6.267730 0.25 20.00 1.00 35.00
-12.992409 5.432576 0.25 20.00 2.00 35.00
-12.995620 5.430258 0.25 20.00 3.00 35.00
-13.014558 6.267043 0.25 30.00 1.00 35.00
-12.994241 5.430990 0.25 30.00 2.00 35.00
-12.992968 5.432035 0.25 30.00 3.00 35.00
-13.014170 6.267730 0.50 10.00 1.00 35.00
-12.992356 5.432567 0.50 10.00 2.00 35.00
-12.995571 5.430235 0.50 10.00 3.00 35.00
-13.016069 6.269321 0.50 20.00 1.00 35.00
-12.995103 5.430160 0.50 20.00 2.00 35.00
-13.000899 5.427020 0.50 20.00 3.00 35.00
-13.023910 6.277494 0.50 30.00 1.00 35.00
-12.995957 5.429883 0.50 30.00 2.00 35.00
-12.996319 5.430281 0.50 30.00 3.00 35.00
-13.014558 6.267043 0.75 10.00 1.00 35.00
-12.994319 5.430814 0.75 10.00 2.00 35.00
-12.992785 5.431997 0.75 10.00 3.00 35.00
-13.023910 6.277494 0.75 20.00 1.00 35.00
-12.995876 5.430000 0.75 20.00 2.00 35.00
-12.996373 5.430104 0.75 20.00 3.00 35.00
-13.013402 6.266726 0.75 30.00 1.00 35.00
-13.002783 5.425802 0.75 30.00 2.00 35.00
-12.996570 5.429604 0.75 30.00 3.00 35.00
-14.360260 7.068518 0.25 10.00 1.00 2.50
-14.254827 6.532545 0.25 10.00 2.00 2.50
-14.245482 6.535679 0.25 10.00 3.00 2.50
-14.358861 7.069741 0.25 20.00 1.00 2.50
-14.261906 6.530620 0.25 20.00 2.00 2.50
-14.259562 6.529455 0.25 20.00 3.00 2.50
-14.359836 7.072175 0.25 30.00 1.00 2.50
-14.263725 6.528873 0.25 30.00 2.00 2.50
-14.262112 6.530400 0.25 30.00 3.00 2.50
-14.358861 7.069741 0.50 10.00 1.00 2.50
-14.261811 6.530488 0.50 10.00 2.00 2.50
-14.259327 6.529288 0.50 10.00 3.00 2.50
-14.362079 7.070628 0.50 20.00 1.00 2.50
-14.264344 6.528381 0.50 20.00 2.00 2.50
-14.264504 6.525517 0.50 20.00 3.00 2.50
-14.364296 7.053607 0.50 30.00 1.00 2.50
-14.264774 6.528329 0.50 30.00 2.00 2.50
-14.264431 6.528490 0.50 30.00 3.00 2.50
-14.359836 7.072175 0.75 10.00 1.00 2.50
-14.263607 6.528795 0.75 10.00 2.00 2.50
-14.261738 6.530140 0.75 10.00 3.00 2.50
-14.364296 7.053607 0.75 20.00 1.00 2.50
-14.264726 6.528237 0.75 20.00 2.00 2.50
-14.264482 6.528418 0.75 20.00 3.00 2.50
-14.356229 7.061496 0.75 30.00 1.00 2.50
-14.265978 6.524498 0.75 30.00 2.00 2.50
-14.264802 6.528218 0.75 30.00 3.00 2.50
-14.154222 6.852038 0.25 10.00 1.00 7.50
-14.057245 6.292807 0.25 10.00 2.00 7.50
-14.047594 6.294301 0.25 10.00 3.00 7.50
-14.152544 6.851889 0.25 20.00 1.00 7.50
-14.063760 6.291656 0.25 20.00 2.00 7.50
-14.061926 6.289853 0.25 20.00 3.00 7.50
-14.153001 6.851471 0.25 30.00 1.00 7.50
-14.065481 6.290241 0.25 30.00 2.00 7.50
-14.063976 6.291517 0.25 30.00 3.00 7.50
-14.152544 6.851889 0.50 10.00 1.00 7.50
-14.063663 6.291615 0.50 10.00 2.00 7.50
-14.061750 6.289793 0.50 10.00 3.00 7.50
-14.155717 6.854952 0.50 20.00 1.00 7.50
-14.066089 6.289775 0.50 20.00 2.00 7.50
-14.066843 6.286348 0.50 20.00 3.00 7.50
-14.158638 6.841431 0.50 30.00 1.00 7.50
-14.066554 6.289614 0.50 30.00 2.00 7.50
-14.066289 6.289817 0.50 30.00 3.00 7.50
-14.153001 6.851471 0.75 10.00 1.00 7.50
-14.065387 6.290258 0.75 10.00 2.00 7.50
-14.063698 6.291245 0.75 10.00 3.00 7.50
-14.158638 6.841431 0.75 20.00 1.00 7.50
-14.066516 6.289622 0.75 20.00 2.00 7.50
-14.066328 6.289753 0.75 20.00 3.00 7.50
-14.150135 6.844689 0.75 30.00 1.00 7.50
-14.068308 6.285426 0.75 30.00 2.00 7.50
-14.066629 6.289557 0.75 30.00 3.00 7.50
-14.053083 6.754525 0.25 10.00 1.00 10.00
-13.960488 6.179667 0.25 10.00 2.00 10.00
-13.950545 6.181600 0.25 10.00 3.00 10.00
-14.050834 6.753444 0.25 20.00 1.00 10.00
-13.966730 6.178851 0.25 20.00 2.00 10.00
-13.965213 6.177076 0.25 20.00 3.00 10.00
-14.051218 6.752551 0.25 30.00 1.00 10.00
-13.968540 6.177328 0.25 30.00 2.00 10.00
-13.966980 6.178822 0.25 30.00 3.00 10.00
-14.050834 6.753444 0.50 10.00 1.00 10.00
-13.966653 6.178789 0.50 10.00 2.00 10.00
-13.965055 6.177052 0.50 10.00 3.00 10.00
-14.054081 6.757843 0.50 20.00 1.00 10.00
-13.969172 6.176959 0.50 20.00 2.00 10.00
-13.970173 6.173906 0.50 20.00 3.00 10.00
-14.057684 6.745828 0.50 30.00 1.00 10.00
-13.969644 6.176971 0.50 30.00 2.00 10.00
-13.969433 6.177192 0.50 30.00 3.00 10.00
-14.051218 6.752551 0.75 10.00 1.00 10.00
-13.968470 6.177344 0.75 10.00 2.00 10.00
-13.966748 6.178527 0.75 10.00 3.00 10.00
-14.057684 6.745828 0.75 20.00 1.00 10.00
-13.969595 6.176934 0.75 20.00 2.00 10.00
-13.969453 6.177229 0.75 20.00 3.00 10.00
-14.048705 6.746665 0.75 30.00 1.00 10.00
-13.971642 6.173373 0.75 30.00 2.00 10.00
-13.969761 6.177089 0.75 30.00 3.00 10.00
-13.646290 6.463115 0.25 10.00 1.00 20.00
-13.576005 5.814758 0.25 10.00 2.00 20.00
-13.564131 5.817366 0.25 10.00 3.00 20.00
-13.644463 6.463698 0.25 20.00 1.00 20.00
-13.581056 5.814137 0.25 20.00 2.00 20.00
-13.581130 5.811913 0.25 20.00 3.00 20.00
-13.644748 6.463095 0.25 30.00 1.00 20.00
-13.582846 5.812869 0.25 30.00 2.00 20.00
-13.581416 5.813922 0.25 30.00 3.00 20.00
-13.644463 6.463698 0.50 10.00 1.00 20.00
-13.580994 5.814137 0.50 10.00 2.00 20.00
-13.581036 5.811962 0.50 10.00 3.00 20.00
-13.647076 6.466034 0.50 20.00 1.00 20.00
-13.583549 5.812177 0.50 20.00 2.00 20.00
-13.585999 5.810567 0.50 20.00 3.00 20.00
-13.653234 6.463762 0.50 30.00 1.00 20.00
-13.584129 5.812136 0.50 30.00 2.00 20.00
-13.584076 5.812487 0.50 30.00 3.00 20.00
-13.644748 6.463095 0.75 10.00 1.00 20.00
-13.582848 5.812777 0.75 10.00 2.00 20.00
-13.581211 5.813910 0.75 10.00 3.00 20.00
-13.653234 6.463762 0.75 20.00 1.00 20.00
-13.584073 5.812179 0.75 20.00 2.00 20.00
-13.584116 5.812408 0.75 20.00 3.00 20.00
-13.643201 6.460546 0.75 30.00 1.00 20.00
-13.587630 5.809520 0.75 30.00 2.00 20.00
-13.584393 5.812090 0.75 30.00 3.00 20.00
-14.238206 5.942318 0.25 10.00 4.00 2.50
-14.252081 5.967302 0.25 20.00 4.00 2.50
-14.255995 5.969537 0.25 30.00 4.00 2.50
-14.251411 5.966628 0.50 10.00 4.00 2.50
-14.256540 5.972152 0.50 20.00 4.00 2.50
-14.258619 5.970278 0.50 30.00 4.00 2.50
-14.255028 5.968712 0.75 10.00 4.00 2.50
-14.258448 5.970152 0.75 20.00 4.00 2.50
-14.259099 5.970292 0.75 30.00 4.00 2.50
-14.146267 5.803293 0.25 10.00 4.00 5.00
-14.159929 5.828044 0.25 20.00 4.00 5.00
-14.163754 5.830615 0.25 30.00 4.00 5.00
-14.159337 5.827745 0.50 10.00 4.00 5.00
-14.164184 5.832585 0.50 20.00 4.00 5.00
-14.166427 5.831373 0.50 30.00 4.00 5.00
-14.162972 5.829934 0.75 10.00 4.00 5.00
-14.166287 5.831218 0.75 20.00 4.00 5.00
-14.166954 5.831600 0.75 30.00 4.00 5.00
-14.055407 5.675031 0.25 10.00 4.00 7.50
-14.069567 5.698529 0.25 20.00 4.00 7.50
-14.073425 5.701252 0.25 30.00 4.00 7.50
-14.069023 5.698129 0.50 10.00 4.00 7.50
-14.073657 5.703699 0.50 20.00 4.00 7.50
-14.076169 5.701935 0.50 30.00 4.00 7.50
-14.072716 5.700534 0.75 10.00 4.00 7.50
-14.076031 5.701889 0.75 20.00 4.00 7.50
-14.076613 5.702294 0.75 30.00 4.00 7.50
-13.965424 5.550964 0.25 10.00 4.00 10.00
-13.980103 5.573858 0.25 20.00 4.00 10.00
-13.983970 5.577477 0.25 30.00 4.00 10.00
-13.979663 5.573510 0.50 10.00 4.00 10.00
-13.983809 5.582357 0.50 20.00 4.00 10.00
-13.986758 5.578494 0.50 30.00 4.00 10.00
-13.983350 5.577037 0.75 10.00 4.00 10.00
-13.986648 5.578308 0.75 20.00 4.00 10.00
-13.987291 5.578816 0.75 30.00 4.00 10.00
-13.787719 5.325477 0.25 10.00 4.00 15.00
-13.803345 5.352836 0.25 20.00 4.00 15.00
-13.807453 5.355078 0.25 30.00 4.00 15.00
-13.802927 5.352652 0.50 10.00 4.00 15.00
-13.807206 5.357512 0.50 20.00 4.00 15.00
-13.810356 5.356508 0.50 30.00 4.00 15.00
-13.806892 5.354762 0.75 10.00 4.00 15.00
-13.810251 5.356430 0.75 20.00 4.00 15.00
-13.810952 5.356644 0.75 30.00 4.00 15.00
-13.611576 5.123271 0.25 10.00 4.00 20.00
-13.628454 5.150424 0.25 20.00 4.00 20.00
-13.632839 5.153427 0.25 30.00 4.00 20.00
-13.628086 5.150143 0.50 10.00 4.00 20.00
-13.632135 5.154808 0.50 20.00 4.00 20.00
-13.635896 5.154788 0.50 30.00 4.00 20.00
-13.632346 5.153079 0.75 10.00 4.00 20.00
-13.635789 5.154717 0.75 20.00 4.00 20.00
-13.636536 5.154899 0.75 30.00 4.00 20.00
-13.435477 4.943517 0.25 10.00 4.00 25.00
-13.454347 4.965771 0.25 20.00 4.00 25.00
-13.458981 4.968127 0.25 30.00 4.00 25.00
-13.454005 4.965558 0.50 10.00 4.00 25.00
-13.457680 4.971440 0.50 20.00 4.00 25.00
-13.462440 4.969097 0.50 30.00 4.00 25.00
-13.458541 4.968083 0.75 10.00 4.00 25.00
-13.462322 4.969121 0.75 20.00 4.00 25.00
-13.463158 4.969217 0.75 30.00 4.00 25.00
-13.078747 4.621861 0.25 10.00 4.00 35.00
-13.100473 4.642518 0.25 20.00 4.00 35.00
-13.105634 4.644758 0.25 30.00 4.00 35.00
-13.100156 4.642564 0.50 10.00 4.00 35.00
-13.102747 4.649022 0.50 20.00 4.00 35.00
-13.109647 4.645196 0.50 30.00 4.00 35.00
-13.105350 4.644526 0.75 10.00 4.00 35.00
-13.109542 4.645221 0.75 20.00 4.00 35.00
-13.110452 4.645431 0.75 30.00 4.00 35.00
